7.888009623534163666e+02 -3.023310260025550145e-01 0.000000000000000000e+00 0.000000000000000000e+00
6.953512384217281124e+02 3.220841480973894444e-01 0.000000000000000000e+00 0.000000000000000000e+00
5.173604172747477605e+02 -9.125661907124371641e-02 0.000000000000000000e+00 0.000000000000000000e+00
5.145923899925478509e+02 -2.214932923542040355e-01 0.000000000000000000e+00 0.000000000000000000e+00
4.111330354240378142e+02 4.672557592792070391e-02 0.000000000000000000e+00 0.000000000000000000e+00
3.570191412958851629e+02 9.493961317656923748e-02 0.000000000000000000e+00 0.000000000000000000e+00
3.558100369076730090e+02 1.187677574141057270e-02 0.000000000000000000e+00 0.000000000000000000e+00
3.417295040761605378e+02 1.208021530057916057e-02 0.000000000000000000e+00 0.000000000000000000e+00
3.251898431761990196e+02 -8.412148272279187933e-02 0.000000000000000000e+00 0.000000000000000000e+00
3.035734420625056487e+02 6.843633146027441883e-02 0.000000000000000000e+00 0.000000000000000000e+00
3.008744550318315873e+02 9.772872449987392990e-03 0.000000000000000000e+00 0.000000000000000000e+00
2.951873603941949682e+02 -1.013313226376520437e-01 0.000000000000000000e+00 0.000000000000000000e+00
2.909685308007425419e+02 -1.387396853488891829e-02 0.000000000000000000e+00 0.000000000000000000e+00
2.885038521033296206e+02 -2.482844956367085548e-02 0.000000000000000000e+00 0.000000000000000000e+00
2.706329155218110714e+02 6.154542340311913023e-02 0.000000000000000000e+00 0.000000000000000000e+00
2.628391124915168007e+02 4.751483459072354532e-02 0.000000000000000000e+00 0.000000000000000000e+00
2.429051309544732931e+02 6.495465372207956910e-03 0.000000000000000000e+00 0.000000000000000000e+00
-5.240560103416571565e+02 -9.832247655127263324e-04 0.000000000000000000e+00 0.000000000000000000e+00
2.337184627784307622e+02 -5.059200401688457305e-02 0.000000000000000000e+00 0.000000000000000000e+00
2.222900940929845888e+02 5.303237493635835909e-02 0.000000000000000000e+00 0.000000000000000000e+00
2.204282114623838709e+02 -5.216359120961840817e-02 0.000000000000000000e+00 0.000000000000000000e+00
2.030734843264393987e+02 -2.593480219888149446e-02 0.000000000000000000e+00 0.000000000000000000e+00
2.019259046308037568e+02 -1.316955105162505996e-02 0.000000000000000000e+00 0.000000000000000000e+00
1.878081655396417773e+02 -8.697063762043322210e-03 0.000000000000000000e+00 0.000000000000000000e+00
1.775340747737684524e+02 7.443194857168492634e-03 0.000000000000000000e+00 0.000000000000000000e+00
-5.219850858487003507e+02 6.647859765796373466e-04 0.000000000000000000e+00 0.000000000000000000e+00
-5.202717217162619363e+02 1.134214462900979734e-04 0.000000000000000000e+00 0.000000000000000000e+00
-5.216937792725084364e+02 7.320235611216266425e-04 0.000000000000000000e+00 0.000000000000000000e+00
-5.216752491693761158e+02 -9.089718002621346711e-05 0.000000000000000000e+00 0.000000000000000000e+00
-5.203893856412987589e+02 -8.307674156798975631e-04 0.000000000000000000e+00 0.000000000000000000e+00
-5.215584476671343737e+02 6.287467582742673107e-05 0.000000000000000000e+00 0.000000000000000000e+00
-5.215212874692668947e+02 1.363359343931123106e-05 0.000000000000000000e+00 0.000000000000000000e+00
-5.215081905662109421e+02 -1.327369467140449705e-03 0.000000000000000000e+00 0.000000000000000000e+00
-5.204756522057314214e+02 -4.745131613254184393e-04 0.000000000000000000e+00 0.000000000000000000e+00
-5.214617139394870264e+02 -6.610639770169301783e-04 0.000000000000000000e+00 0.000000000000000000e+00
-5.214340918758040289e+02 1.212541090826058402e-03 0.000000000000000000e+00 0.000000000000000000e+00
-5.213803770215525901e+02 7.054660335683746349e-03 0.000000000000000000e+00 0.000000000000000000e+00
-5.205709468438286649e+02 6.478703703520550562e-04 0.000000000000000000e+00 0.000000000000000000e+00
-5.213594419808789553e+02 7.164180763387579306e-05 0.000000000000000000e+00 0.000000000000000000e+00
-5.206177464662679313e+02 -6.681101679749930876e-03 0.000000000000000000e+00 0.000000000000000000e+00
-5.206274914668081237e+02 -9.484914317075304920e-04 0.000000000000000000e+00 0.000000000000000000e+00
-5.206391211971491657e+02 4.291170580544019210e-05 0.000000000000000000e+00 0.000000000000000000e+00
-5.207008449619179373e+02 -4.564797661207607216e-05 0.000000000000000000e+00 0.000000000000000000e+00
-5.207066911961761662e+02 3.042376965093295153e-05 0.000000000000000000e+00 0.000000000000000000e+00
-5.207095528219908829e+02 9.189523851104272378e-06 0.000000000000000000e+00 0.000000000000000000e+00
-5.207313285375432770e+02 -7.652435244056250219e-04 0.000000000000000000e+00 0.000000000000000000e+00
-5.207208044423207411e+02 3.262481969629868386e-04 0.000000000000000000e+00 0.000000000000000000e+00
-5.207476290254173819e+02 -1.482032554344685704e-04 0.000000000000000000e+00 0.000000000000000000e+00
-5.207672047680574678e+02 3.762882385449235734e-04 0.000000000000000000e+00 0.000000000000000000e+00
-5.207762279472319733e+02 -5.586814336528671959e-04 0.000000000000000000e+00 0.000000000000000000e+00
-5.207881431439864173e+02 -2.376076818712558397e-05 0.000000000000000000e+00 0.000000000000000000e+00
-5.208164142394388136e+02 1.076930249422288383e-04 0.000000000000000000e+00 0.000000000000000000e+00
-5.208347490570535001e+02 -3.898340456286589170e-06 0.000000000000000000e+00 0.000000000000000000e+00
-5.212410937408569680e+02 -1.201880477726607627e-03 0.000000000000000000e+00 0.000000000000000000e+00
-5.208808468683637329e+02 6.793523510414221341e-06 0.000000000000000000e+00 0.000000000000000000e+00
-5.208837948376776694e+02 5.157105902456596746e-05 0.000000000000000000e+00 0.000000000000000000e+00
-5.212232902361548668e+02 -1.699894633980020199e-04 0.000000000000000000e+00 0.000000000000000000e+00
-5.209513972261976278e+02 4.299895342187115370e-05 0.000000000000000000e+00 0.000000000000000000e+00
-5.209590355418440595e+02 -1.344984611736255316e-04 0.000000000000000000e+00 0.000000000000000000e+00
-5.211696487916408387e+02 -4.630696411956616507e-04 0.000000000000000000e+00 0.000000000000000000e+00
-5.211676860466001244e+02 1.557777562908094476e-04 0.000000000000000000e+00 0.000000000000000000e+00
-5.211628346308316395e+02 1.022779060283102214e-03 0.000000000000000000e+00 0.000000000000000000e+00
-5.211622818039285221e+02 -2.252114021239973044e-04 0.000000000000000000e+00 0.000000000000000000e+00
-5.211521382771251183e+02 -5.771489566556233685e-05 0.000000000000000000e+00 0.000000000000000000e+00
-5.211288105671301309e+02 -6.964312500269624184e-04 0.000000000000000000e+00 0.000000000000000000e+00
-5.211298152449055578e+02 -1.116095213357883769e-04 0.000000000000000000e+00 0.000000000000000000e+00
-5.211038305465752956e+02 -3.888664452724074195e-05 0.000000000000000000e+00 0.000000000000000000e+00
-5.210864741040120407e+02 -7.554333805836793876e-04 0.000000000000000000e+00 0.000000000000000000e+00
-5.209816866332454310e+02 3.002381926181189791e-05 0.000000000000000000e+00 0.000000000000000000e+00
-5.210088130818181753e+02 -2.132637853087552583e-03 0.000000000000000000e+00 0.000000000000000000e+00
-5.210194022190997885e+02 3.887336738689336287e-04 0.000000000000000000e+00 0.000000000000000000e+00
-5.210522908620788485e+02 -7.135973361909991441e-04 0.000000000000000000e+00 0.000000000000000000e+00
-5.210468779726988942e+02 -1.232447676995117639e-04 0.000000000000000000e+00 0.000000000000000000e+00
-5.210478996806143641e+02 3.576834486791990162e-04 0.000000000000000000e+00 0.000000000000000000e+00
9.511091473072269764e+01 7.135938711908785051e-03 0.000000000000000000e+00 0.000000000000000000e+00
9.500556119571452030e+01 -1.363647288435592200e-03 0.000000000000000000e+00 0.000000000000000000e+00
9.312366204575133111e+01 3.719366820806610605e-03 0.000000000000000000e+00 0.000000000000000000e+00
9.264940043811888870e+01 3.422193900396981389e-03 0.000000000000000000e+00 0.000000000000000000e+00
9.182084535534872316e+01 5.725666599717515581e-04 0.000000000000000000e+00 0.000000000000000000e+00
9.145737156776668542e+01 -2.043320911287606085e-03 0.000000000000000000e+00 0.000000000000000000e+00
9.124418335966379345e+01 1.023064463202733206e-02 0.000000000000000000e+00 0.000000000000000000e+00
9.102832637804273475e+01 -1.284420340347251256e-02 0.000000000000000000e+00 0.000000000000000000e+00
9.076343306155754931e+01 -6.605612568214098458e-03 0.000000000000000000e+00 0.000000000000000000e+00
9.035386361251048015e+01 9.096968325064239830e-03 0.000000000000000000e+00 0.000000000000000000e+00
8.990705282888228567e+01 6.389804434441786595e-04 0.000000000000000000e+00 0.000000000000000000e+00
8.921441246705400374e+01 -4.938523512465917359e-04 0.000000000000000000e+00 0.000000000000000000e+00
8.901325016372264542e+01 -3.772857494024040113e-03 0.000000000000000000e+00 0.000000000000000000e+00
8.797872724327845617e+01 -4.932638163596035630e-03 0.000000000000000000e+00 0.000000000000000000e+00
8.733395581019492226e+01 1.213857172256022640e-03 0.000000000000000000e+00 0.000000000000000000e+00
8.674995990946068503e+01 9.988320231248246431e-03 0.000000000000000000e+00 0.000000000000000000e+00
8.622568617100154142e+01 -4.282737713674687058e-03 0.000000000000000000e+00 0.000000000000000000e+00
8.588485597943375183e+01 3.467999224558559503e-03 0.000000000000000000e+00 0.000000000000000000e+00
8.529115573302631503e+01 -1.275263859641069053e-04 0.000000000000000000e+00 0.000000000000000000e+00
8.504121229285826189e+01 -1.294223796353781149e-04 0.000000000000000000e+00 0.000000000000000000e+00
8.433555069886446631e+01 -2.164843482967978780e-02 0.000000000000000000e+00 0.000000000000000000e+00
8.417805261688661744e+01 -2.771916075144934682e-03 0.000000000000000000e+00 0.000000000000000000e+00
8.368380173921208609e+01 1.279354334022181697e-02 0.000000000000000000e+00 0.000000000000000000e+00
7.566658562097221363e+01 -2.610914062744145586e-03 0.000000000000000000e+00 0.000000000000000000e+00
8.339808937353882357e+01 -2.602525191611937752e-03 0.000000000000000000e+00 0.000000000000000000e+00
7.622465994144479851e+01 -3.477295029900356969e-03 0.000000000000000000e+00 0.000000000000000000e+00
7.650915599822702973e+01 -4.260673714717963176e-03 0.000000000000000000e+00 0.000000000000000000e+00
7.729454268669779538e+01 -5.628129569412465040e-03 0.000000000000000000e+00 0.000000000000000000e+00
8.271517631784372782e+01 1.631394022438209588e-04 0.000000000000000000e+00 0.000000000000000000e+00
8.266430283521081890e+01 -1.717290486533181153e-03 0.000000000000000000e+00 0.000000000000000000e+00
7.786865982752767934e+01 1.370123133317162215e-03 0.000000000000000000e+00 0.000000000000000000e+00
7.806218840146573257e+01 -1.585801119887552757e-03 0.000000000000000000e+00 0.000000000000000000e+00
7.824419145831414824e+01 3.261675255655840911e-04 0.000000000000000000e+00 0.000000000000000000e+00
7.847649934190613408e+01 -6.919133613294499224e-04 0.000000000000000000e+00 0.000000000000000000e+00
7.890138197009379439e+01 -1.018851934519767865e-03 0.000000000000000000e+00 0.000000000000000000e+00
7.885766615212078534e+01 1.748273324631049964e-03 0.000000000000000000e+00 0.000000000000000000e+00
7.966332584272815609e+01 5.899411791332507572e-03 0.000000000000000000e+00 0.000000000000000000e+00
8.002448749333176181e+01 -1.031816385374899813e-03 0.000000000000000000e+00 0.000000000000000000e+00
8.207693094894375463e+01 -4.535943892355418471e-03 0.000000000000000000e+00 0.000000000000000000e+00
8.193084267699985901e+01 1.253567804683026945e-04 0.000000000000000000e+00 0.000000000000000000e+00
8.181991805510280358e+01 4.097627854422289384e-03 0.000000000000000000e+00 0.000000000000000000e+00
8.176157746129430848e+01 5.512098088549968571e-03 0.000000000000000000e+00 0.000000000000000000e+00
8.164983991998302315e+01 -1.271399573192429381e-03 0.000000000000000000e+00 0.000000000000000000e+00
8.146047259618819680e+01 -4.818708876349688669e-03 0.000000000000000000e+00 0.000000000000000000e+00
8.130329727476028268e+01 -1.052395457932354169e-03 0.000000000000000000e+00 0.000000000000000000e+00
8.110432191634870946e+01 -4.236560688254445949e-03 0.000000000000000000e+00 0.000000000000000000e+00
8.043751191604748385e+01 -1.244515771384963792e-03 0.000000000000000000e+00 0.000000000000000000e+00
8.092601365831924909e+01 -4.808466663012781785e-03 0.000000000000000000e+00 0.000000000000000000e+00
8.064692966306272126e+01 -5.098084561066382712e-03 0.000000000000000000e+00 0.000000000000000000e+00
8.073648212797174040e+01 3.540399913543624058e-03 0.000000000000000000e+00 0.000000000000000000e+00
-7.142276089584242982e+01 -1.992004717678235760e-03 0.000000000000000000e+00 0.000000000000000000e+00
-7.095420766137928581e+01 -3.353574643805200262e-02 0.000000000000000000e+00 0.000000000000000000e+00
-6.981433951060299137e+01 1.411710411085049729e-03 0.000000000000000000e+00 0.000000000000000000e+00
-7.077995510723717132e+01 -2.405331870715532363e-03 0.000000000000000000e+00 0.000000000000000000e+00
-7.076416120586863201e+01 1.881486280890291201e-03 0.000000000000000000e+00 0.000000000000000000e+00
-6.987010429478418416e+01 -2.036877077115329619e-03 0.000000000000000000e+00 0.000000000000000000e+00
-7.063785400063676434e+01 -4.112234482746452389e-03 0.000000000000000000e+00 0.000000000000000000e+00
-7.062483772945928706e+01 8.476397951582695985e-04 0.000000000000000000e+00 0.000000000000000000e+00
-7.000949243463567484e+01 -3.719398897548670431e-03 0.000000000000000000e+00 0.000000000000000000e+00
-7.009119893519496713e+01 1.045147220320834670e-03 0.000000000000000000e+00 0.000000000000000000e+00
-7.045572485405288887e+01 -4.188076715133392820e-04 0.000000000000000000e+00 0.000000000000000000e+00
-7.044714656265277597e+01 -5.301321809152560825e-04 0.000000000000000000e+00 0.000000000000000000e+00
-7.042538880471205687e+01 -1.528412721782348993e-03 0.000000000000000000e+00 0.000000000000000000e+00
-7.020336167744284239e+01 -3.071408751400142790e-05 0.000000000000000000e+00 0.000000000000000000e+00
-7.021289956516298503e+01 -1.570163522719378920e-03 0.000000000000000000e+00 0.000000000000000000e+00
-7.021941716667984679e+01 -2.741539846095919324e-03 0.000000000000000000e+00 0.000000000000000000e+00
-7.024612785351486366e+01 -6.912214758059044160e-05 0.000000000000000000e+00 0.000000000000000000e+00
-7.029977471933193556e+01 1.342703002087485996e-03 0.000000000000000000e+00 0.000000000000000000e+00
-7.029790035690599836e+01 4.321760475369101082e-04 0.000000000000000000e+00 0.000000000000000000e+00
-7.032355139901717678e+01 -1.727122986210817427e-03 0.000000000000000000e+00 0.000000000000000000e+00
-7.032819072611539468e+01 3.122062877452605901e-03 0.000000000000000000e+00 0.000000000000000000e+00
-7.034445219800012694e+01 -1.166782474570020323e-03 0.000000000000000000e+00 0.000000000000000000e+00
-7.034132075404453133e+01 1.953348877785191038e-03 0.000000000000000000e+00 0.000000000000000000e+00
-7.033699772302824726e+01 1.426630714703754424e-03 0.000000000000000000e+00 0.000000000000000000e+00
-4.766100129961387921e+01 9.249708117210880256e-04 0.000000000000000000e+00 0.000000000000000000e+00
5.883538886367171727e+01 2.249002651748882239e-02 0.000000000000000000e+00 0.000000000000000000e+00
-4.731954228754563019e+01 1.840017665568640618e-04 0.000000000000000000e+00 0.000000000000000000e+00
-4.720219647513929573e+01 2.171565522678744499e-04 0.000000000000000000e+00 0.000000000000000000e+00
-4.707230942831975540e+01 -6.726560248846809829e-03 0.000000000000000000e+00 0.000000000000000000e+00
-4.531026685968648593e+01 -7.666306700389299844e-03 0.000000000000000000e+00 0.000000000000000000e+00
-4.686809300633603925e+01 2.336377024700366002e-05 0.000000000000000000e+00 0.000000000000000000e+00
-4.685370377680740717e+01 -5.896813017825029528e-03 0.000000000000000000e+00 0.000000000000000000e+00
-4.683397819459180056e+01 2.527718655197740117e-04 0.000000000000000000e+00 0.000000000000000000e+00
5.804276269083743500e+01 1.084617869077985318e-02 0.000000000000000000e+00 0.000000000000000000e+00
5.707360146852204963e+01 1.058393608809512360e-02 0.000000000000000000e+00 0.000000000000000000e+00
5.643356946452512801e+01 1.074971012275739886e-02 0.000000000000000000e+00 0.000000000000000000e+00
5.617686694327964148e+01 -3.805374674347277060e-03 0.000000000000000000e+00 0.000000000000000000e+00
5.609904658969522728e+01 -7.290312384372325816e-03 0.000000000000000000e+00 0.000000000000000000e+00
5.591145493072462358e+01 -5.579905187246725524e-04 0.000000000000000000e+00 0.000000000000000000e+00
5.582280470313953913e+01 -9.956001800368732141e-03 0.000000000000000000e+00 0.000000000000000000e+00
5.578054722546985289e+01 1.405868078709204740e-03 0.000000000000000000e+00 0.000000000000000000e+00
5.562190598912649619e+01 -4.106507074358024638e-03 0.000000000000000000e+00 0.000000000000000000e+00
5.550512974786300902e+01 -6.709934696160719213e-03 0.000000000000000000e+00 0.000000000000000000e+00
5.542262697015740969e+01 3.745673679142050901e-03 0.000000000000000000e+00 0.000000000000000000e+00
5.522228080670995354e+01 2.380164134256577795e-03 0.000000000000000000e+00 0.000000000000000000e+00
5.504924370027930536e+01 -9.583051996687850724e-03 0.000000000000000000e+00 0.000000000000000000e+00
5.461103715525755575e+01 3.491587909868645260e-03 0.000000000000000000e+00 0.000000000000000000e+00
5.454421274164536015e+01 -4.076861044059677981e-03 0.000000000000000000e+00 0.000000000000000000e+00
5.423499962166353328e+01 1.622549220875381393e-03 0.000000000000000000e+00 0.000000000000000000e+00
5.415170242366531284e+01 3.305780160173498079e-03 0.000000000000000000e+00 0.000000000000000000e+00
5.403433276154265741e+01 8.818900017972305244e-03 0.000000000000000000e+00 0.000000000000000000e+00
5.399368534469865466e+01 -1.388379397562694226e-02 0.000000000000000000e+00 0.000000000000000000e+00
5.373963794723499632e+01 -1.910057231057528957e-03 0.000000000000000000e+00 0.000000000000000000e+00
5.369193632521079707e+01 -7.779063462119639553e-03 0.000000000000000000e+00 0.000000000000000000e+00
5.350648611064412563e+01 1.223185846753270176e-02 0.000000000000000000e+00 0.000000000000000000e+00
5.348713329631188174e+01 -7.564670736536985816e-03 0.000000000000000000e+00 0.000000000000000000e+00
5.333817958851023633e+01 -3.460147738646472877e-04 0.000000000000000000e+00 0.000000000000000000e+00
5.331505846392803960e+01 -2.092228262994729089e-03 0.000000000000000000e+00 0.000000000000000000e+00
5.316515573516151960e+01 2.114337852511383956e-03 0.000000000000000000e+00 0.000000000000000000e+00
5.312453614300147819e+01 -1.187188841639807632e-02 0.000000000000000000e+00 0.000000000000000000e+00
5.281960793414160094e+01 6.369494514721978431e-03 0.000000000000000000e+00 0.000000000000000000e+00
5.264850532184845378e+01 6.658017772934653362e-03 0.000000000000000000e+00 0.000000000000000000e+00
5.258809101867196034e+01 -5.517866847348901725e-03 0.000000000000000000e+00 0.000000000000000000e+00
5.243258961339925861e+01 -3.736762462159683162e-03 0.000000000000000000e+00 0.000000000000000000e+00
5.216521384719465004e+01 1.201852580380798757e-02 0.000000000000000000e+00 0.000000000000000000e+00
5.216521384719465004e+01 1.201852580380798757e-02 0.000000000000000000e+00 0.000000000000000000e+00
5.193599180330770082e+01 -4.840933428010481612e-03 0.000000000000000000e+00 0.000000000000000000e+00
5.180442931546168239e+01 -4.049916422237888509e-03 0.000000000000000000e+00 0.000000000000000000e+00
5.153146353188271434e+01 -5.534764913936662638e-03 0.000000000000000000e+00 0.000000000000000000e+00
5.134708724908799837e+01 -7.536331224492490849e-03 0.000000000000000000e+00 0.000000000000000000e+00
5.134708724908799837e+01 -7.536331224492490849e-03 0.000000000000000000e+00 0.000000000000000000e+00
5.127282520982092251e+01 1.155182571017263895e-03 0.000000000000000000e+00 0.000000000000000000e+00
5.097660128436375260e+01 -3.057663526296805576e-03 0.000000000000000000e+00 0.000000000000000000e+00
5.088799238237396594e+01 2.881213370243344320e-03 0.000000000000000000e+00 0.000000000000000000e+00
5.088799238237396594e+01 2.881213370243344320e-03 0.000000000000000000e+00 0.000000000000000000e+00
5.074371068582172484e+01 -2.922066750162116092e-03 0.000000000000000000e+00 0.000000000000000000e+00
5.022493304673707115e+01 -2.401528860998256194e-03 0.000000000000000000e+00 0.000000000000000000e+00
5.056712994770228420e+01 -7.747356125939647330e-04 0.000000000000000000e+00 0.000000000000000000e+00
5.038742786947572938e+01 -5.902979204283629981e-03 0.000000000000000000e+00 0.000000000000000000e+00
5.042846621133490004e+01 3.826867436652535166e-03 0.000000000000000000e+00 0.000000000000000000e+00
3.483781493122525319e+01 -6.478884314772300965e-03 0.000000000000000000e+00 0.000000000000000000e+00
3.036776480345663742e+01 -2.378743937319521915e-03 0.000000000000000000e+00 0.000000000000000000e+00
2.977945846345521730e+01 -3.592849961130942693e-04 0.000000000000000000e+00 0.000000000000000000e+00
3.006990775991559772e+01 1.763208121436642475e-03 0.000000000000000000e+00 0.000000000000000000e+00
3.010466728710614959e+01 -8.636275167891889742e-04 0.000000000000000000e+00 0.000000000000000000e+00
-4.562895216825852884e+01 2.619201261394487799e-04 0.000000000000000000e+00 0.000000000000000000e+00
5.014951901550711710e+01 6.215379124534872041e-03 0.000000000000000000e+00 0.000000000000000000e+00
5.003323158355517819e+01 8.336373694544641205e-04 0.000000000000000000e+00 0.000000000000000000e+00
5.003323158355517819e+01 8.336373694544641205e-04 0.000000000000000000e+00 0.000000000000000000e+00
4.979937397149277700e+01 1.829033514889290149e-03 0.000000000000000000e+00 0.000000000000000000e+00
4.979937397149277700e+01 1.829033514889290149e-03 0.000000000000000000e+00 0.000000000000000000e+00
4.972897047638412715e+01 3.190509830348400942e-03 0.000000000000000000e+00 0.000000000000000000e+00
4.960752697064971528e+01 -1.264629178716961122e-04 0.000000000000000000e+00 0.000000000000000000e+00
-4.575972586440666134e+01 -3.725817410747377383e-05 0.000000000000000000e+00 0.000000000000000000e+00
-4.579710906358907607e+01 3.885851924532412929e-03 0.000000000000000000e+00 0.000000000000000000e+00
-4.579059176164740563e+01 -3.603047109540863315e-04 0.000000000000000000e+00 0.000000000000000000e+00
4.944905310714897695e+01 -2.442695269844831311e-03 0.000000000000000000e+00 0.000000000000000000e+00
4.940276991938645068e+01 -5.833524936340200341e-04 0.000000000000000000e+00 0.000000000000000000e+00
4.932335455546130021e+01 -5.130605310566506427e-03 0.000000000000000000e+00 0.000000000000000000e+00
-4.672392767648968714e+01 -4.674621730250942838e-04 0.000000000000000000e+00 0.000000000000000000e+00
-4.673818743797502862e+01 2.313347579861375111e-04 0.000000000000000000e+00 0.000000000000000000e+00
4.919299294792411814e+01 4.586216000975733113e-03 0.000000000000000000e+00 0.000000000000000000e+00
4.910915146428560263e+01 1.779304414418901971e-03 0.000000000000000000e+00 0.000000000000000000e+00
-4.669035624384045491e+01 -2.991035325377157470e-04 0.000000000000000000e+00 0.000000000000000000e+00
4.907473520505990194e+01 3.778570326366881629e-03 0.000000000000000000e+00 0.000000000000000000e+00
4.897143565609236049e+01 9.562262398892542453e-03 0.000000000000000000e+00 0.000000000000000000e+00
4.890243389558016673e+01 8.455329150699814533e-04 0.000000000000000000e+00 0.000000000000000000e+00
-4.586164746002902604e+01 4.632449442549022131e-04 0.000000000000000000e+00 0.000000000000000000e+00
-4.586854481721828591e+01 9.428709795582723360e-04 0.000000000000000000e+00 0.000000000000000000e+00
4.882124408340378352e+01 7.102905176704452789e-03 0.000000000000000000e+00 0.000000000000000000e+00
4.873002503764472237e+01 -5.574481563336113055e-03 0.000000000000000000e+00 0.000000000000000000e+00
4.866272175774101783e+01 7.891225231191197021e-04 0.000000000000000000e+00 0.000000000000000000e+00
4.866272175774101783e+01 7.891225231191197021e-04 0.000000000000000000e+00 0.000000000000000000e+00
-4.666073672404358774e+01 -5.916045587861447005e-03 0.000000000000000000e+00 0.000000000000000000e+00
4.857668585196093858e+01 6.459246197437659067e-06 0.000000000000000000e+00 0.000000000000000000e+00
-4.592503877994500527e+01 -8.460419736031152965e-04 0.000000000000000000e+00 0.000000000000000000e+00
-4.665715116385769790e+01 1.767457067991444822e-02 0.000000000000000000e+00 0.000000000000000000e+00
-4.665767524800335764e+01 -1.186761243753865942e-02 0.000000000000000000e+00 0.000000000000000000e+00
-4.594342484459218667e+01 2.662647439556007343e-04 0.000000000000000000e+00 0.000000000000000000e+00
4.845214955250717992e+01 -4.013637574906710366e-03 0.000000000000000000e+00 0.000000000000000000e+00
4.837437363420102088e+01 1.210586031851433597e-02 0.000000000000000000e+00 0.000000000000000000e+00
-4.659560049116959846e+01 -1.360342726393840886e-02 0.000000000000000000e+00 0.000000000000000000e+00
-4.597489837986346117e+01 -1.708097289621011636e-03 0.000000000000000000e+00 0.000000000000000000e+00
-4.597719422721008442e+01 3.819962771137409233e-03 0.000000000000000000e+00 0.000000000000000000e+00
4.822804102770627566e+01 5.263663435533747761e-04 0.000000000000000000e+00 0.000000000000000000e+00
-4.658191985092674514e+01 -4.230993693472672595e-02 0.000000000000000000e+00 0.000000000000000000e+00
-4.600236659955287877e+01 -4.985747489831295258e-06 0.000000000000000000e+00 0.000000000000000000e+00
-4.656492982281856285e+01 -4.213751845247548341e-05 0.000000000000000000e+00 0.000000000000000000e+00
4.819125939338526621e+01 3.069264213269629754e-03 0.000000000000000000e+00 0.000000000000000000e+00
4.805398513007733641e+01 1.513574201741800518e-03 0.000000000000000000e+00 0.000000000000000000e+00
-4.655973190775491588e+01 1.990300021674022354e-03 0.000000000000000000e+00 0.000000000000000000e+00
4.816267024546007036e+01 -1.882516929048449377e-03 0.000000000000000000e+00 0.000000000000000000e+00
-4.644556587395321401e+01 -2.110692137259473269e-03 0.000000000000000000e+00 0.000000000000000000e+00
-4.653369121141791709e+01 -4.700687878246856692e-04 0.000000000000000000e+00 0.000000000000000000e+00
-4.651525085950909499e+01 9.017980423268760412e-04 0.000000000000000000e+00 0.000000000000000000e+00
-4.652402248376098015e+01 -6.593562316522972189e-04 0.000000000000000000e+00 0.000000000000000000e+00
-4.646477458186689091e+01 -3.970467398682540308e-04 0.000000000000000000e+00 0.000000000000000000e+00
-4.639553487543594912e+01 -1.647077531448699547e-03 0.000000000000000000e+00 0.000000000000000000e+00
-4.637807777203397563e+01 -1.461434988272106031e-03 0.000000000000000000e+00 0.000000000000000000e+00
-4.637239443809261275e+01 -3.241610524728827576e-04 0.000000000000000000e+00 0.000000000000000000e+00
-4.646873444258847030e+01 2.875253612589472128e-03 0.000000000000000000e+00 0.000000000000000000e+00
-4.648322578244749792e+01 -1.799675182982134907e-04 0.000000000000000000e+00 0.000000000000000000e+00
-4.649128020339232137e+01 3.921621502737925318e-04 0.000000000000000000e+00 0.000000000000000000e+00
-4.632677707446861604e+01 -7.655268637210228334e-05 0.000000000000000000e+00 0.000000000000000000e+00
-4.635154829297928814e+01 -7.626647434602290641e-04 0.000000000000000000e+00 0.000000000000000000e+00
4.124094291269680923e+01 -1.680425819915860181e-03 0.000000000000000000e+00 0.000000000000000000e+00
4.158474463776950358e+01 1.105704831037811371e-03 0.000000000000000000e+00 0.000000000000000000e+00
4.162822240908384686e+01 1.121437934899983035e-03 0.000000000000000000e+00 0.000000000000000000e+00
4.178673104692991558e+01 -6.137596293258945276e-04 0.000000000000000000e+00 0.000000000000000000e+00
4.255968288798371191e+01 -4.918392570558222793e-03 0.000000000000000000e+00 0.000000000000000000e+00
4.204167242153138773e+01 1.354644899243974973e-03 0.000000000000000000e+00 0.000000000000000000e+00
4.794815525329997996e+01 5.984922471882460565e-04 0.000000000000000000e+00 0.000000000000000000e+00
4.785890933076663600e+01 1.996466055233165823e-03 0.000000000000000000e+00 0.000000000000000000e+00
4.775212460933462211e+01 -3.619273327884050314e-03 0.000000000000000000e+00 0.000000000000000000e+00
4.767484229579718402e+01 7.877133784489108795e-03 0.000000000000000000e+00 0.000000000000000000e+00
4.762452855815179475e+01 1.889745212507843320e-03 0.000000000000000000e+00 0.000000000000000000e+00
4.758068416988118088e+01 1.177030976689809674e-02 0.000000000000000000e+00 0.000000000000000000e+00
4.741557881769222149e+01 8.930947391925292411e-03 0.000000000000000000e+00 0.000000000000000000e+00
4.732143592155804157e+01 -8.502864649532394401e-04 0.000000000000000000e+00 0.000000000000000000e+00
4.751922915977966255e+01 -8.929595825738273138e-03 0.000000000000000000e+00 0.000000000000000000e+00
4.655962777257899177e+01 4.646382693577554880e-03 0.000000000000000000e+00 0.000000000000000000e+00
4.647835294537426165e+01 1.803356696677369539e-03 0.000000000000000000e+00 0.000000000000000000e+00
4.666480766169549810e+01 1.033250518710228730e-03 0.000000000000000000e+00 0.000000000000000000e+00
4.683308232681751093e+01 -7.703695131840400563e-03 0.000000000000000000e+00 0.000000000000000000e+00
4.720146583825277276e+01 -6.797211175839161209e-04 0.000000000000000000e+00 0.000000000000000000e+00
4.713611777570507400e+01 -2.141399521231631201e-03 0.000000000000000000e+00 0.000000000000000000e+00
4.706996962067671575e+01 7.026079352924697241e-04 0.000000000000000000e+00 0.000000000000000000e+00
4.693566676537801641e+01 3.537370077214830200e-03 0.000000000000000000e+00 0.000000000000000000e+00
4.694734573695328805e+01 5.019666325284550916e-03 0.000000000000000000e+00 0.000000000000000000e+00
4.705756775927886082e+01 7.266004446572623884e-03 0.000000000000000000e+00 0.000000000000000000e+00
-4.634390535735637684e+01 -7.511233549918213369e-04 0.000000000000000000e+00 0.000000000000000000e+00
-4.606315683102135949e+01 2.806869825228227363e-03 0.000000000000000000e+00 0.000000000000000000e+00
-4.605943411903762552e+01 -1.880594345245963680e-04 0.000000000000000000e+00 0.000000000000000000e+00
-4.606474781855079925e+01 2.118885215870229717e-03 0.000000000000000000e+00 0.000000000000000000e+00
-4.633457422719945384e+01 7.021031619785299640e-05 0.000000000000000000e+00 0.000000000000000000e+00
-4.625844475375441078e+01 5.040381208990359551e-04 0.000000000000000000e+00 0.000000000000000000e+00
-4.631357841210939341e+01 -3.064361404926298910e-04 0.000000000000000000e+00 0.000000000000000000e+00
-4.629794709646201767e+01 -4.123478506951376251e-04 0.000000000000000000e+00 0.000000000000000000e+00
-4.630516542946991621e+01 -4.855541000181860280e-04 0.000000000000000000e+00 0.000000000000000000e+00
-4.628514931573878499e+01 -3.142244742005484491e-04 0.000000000000000000e+00 0.000000000000000000e+00
-4.608226273519573368e+01 -1.035207429471683298e-04 0.000000000000000000e+00 0.000000000000000000e+00
-4.624314653027651900e+01 9.206476184206188013e-05 0.000000000000000000e+00 0.000000000000000000e+00
-4.627891313487554470e+01 -1.371028563515952698e-04 0.000000000000000000e+00 0.000000000000000000e+00
-4.627974495970777014e+01 -2.186609438741279692e-04 0.000000000000000000e+00 0.000000000000000000e+00
-4.609988330766506692e+01 -1.429580679940103526e-03 0.000000000000000000e+00 0.000000000000000000e+00
-4.609758135073393959e+01 4.340456590115615576e-04 0.000000000000000000e+00 0.000000000000000000e+00
-4.608984130937794532e+01 -2.441559098494768703e-04 0.000000000000000000e+00 0.000000000000000000e+00
-4.610670334892761701e+01 -1.795333455817513973e-04 0.000000000000000000e+00 0.000000000000000000e+00
-4.622392416781006119e+01 2.860128895463164749e-04 0.000000000000000000e+00 0.000000000000000000e+00
-4.614771928481288654e+01 1.954933432204857848e-04 0.000000000000000000e+00 0.000000000000000000e+00
-4.614212198141476051e+01 -2.109148342247090403e-04 0.000000000000000000e+00 0.000000000000000000e+00
-4.620232203867989540e+01 -7.387999780644426400e-04 0.000000000000000000e+00 0.000000000000000000e+00
-4.615735421263912741e+01 1.382999875944763979e-04 0.000000000000000000e+00 0.000000000000000000e+00
-4.621592387240736599e+01 4.979946822872939128e-04 0.000000000000000000e+00 0.000000000000000000e+00
-4.620895760861301227e+01 -7.746771411974163720e-04 0.000000000000000000e+00 0.000000000000000000e+00
-4.617470781629170773e+01 2.076670793575746590e-04 0.000000000000000000e+00 0.000000000000000000e+00
-4.616899351594202727e+01 -9.663626593563917936e-05 0.000000000000000000e+00 0.000000000000000000e+00
-4.619415229125860378e+01 -2.998460648178070956e-05 0.000000000000000000e+00 0.000000000000000000e+00
-4.618424628467251836e+01 6.151635556105685993e-05 0.000000000000000000e+00 0.000000000000000000e+00
-4.618710049953365626e+01 -1.836902791220384687e-04 0.000000000000000000e+00 0.000000000000000000e+00
-3.261025760911819305e+01 5.164593262354833262e-04 0.000000000000000000e+00 0.000000000000000000e+00
4.190621322470874333e+01 -1.109307382075803636e-03 0.000000000000000000e+00 0.000000000000000000e+00
4.214424237668363560e+01 3.637740222099423038e-03 0.000000000000000000e+00 0.000000000000000000e+00
4.207726049474104713e+01 1.869082718316895540e-03 0.000000000000000000e+00 0.000000000000000000e+00
4.232892217434836368e+01 -2.032520008812589880e-03 0.000000000000000000e+00 0.000000000000000000e+00
4.242536298215618729e+01 1.633133311946918754e-03 0.000000000000000000e+00 0.000000000000000000e+00
4.629082815827380415e+01 -1.622242517876147649e-03 0.000000000000000000e+00 0.000000000000000000e+00
4.632643539560442747e+01 3.640402027498464057e-03 0.000000000000000000e+00 0.000000000000000000e+00
4.619666841484551867e+01 3.205661874337327640e-03 0.000000000000000000e+00 0.000000000000000000e+00
-2.901132129443003294e+01 -2.160090055098751877e-03 0.000000000000000000e+00 0.000000000000000000e+00
-2.895807349058429736e+01 -3.899794421785367747e-04 0.000000000000000000e+00 0.000000000000000000e+00
-2.885983325550454026e+01 -1.144591513461968289e-04 0.000000000000000000e+00 0.000000000000000000e+00
-2.879343887892520115e+01 3.060805712457873506e-04 0.000000000000000000e+00 0.000000000000000000e+00
-2.876950969497849186e+01 -2.131203165643303244e-04 0.000000000000000000e+00 0.000000000000000000e+00
-2.869487493880499684e+01 -6.422158569531616064e-05 0.000000000000000000e+00 0.000000000000000000e+00
4.271882258158039747e+01 9.037950987556427583e-04 0.000000000000000000e+00 0.000000000000000000e+00
4.278781988502409916e+01 1.116888824164499359e-03 0.000000000000000000e+00 0.000000000000000000e+00
4.262237396535284972e+01 4.931562994680364345e-04 0.000000000000000000e+00 0.000000000000000000e+00
4.294134994355737689e+01 -3.887569153970356546e-04 0.000000000000000000e+00 0.000000000000000000e+00
4.608993632969388443e+01 -1.999393172102345746e-03 0.000000000000000000e+00 0.000000000000000000e+00
4.607483117969177044e+01 5.497286750951935934e-04 0.000000000000000000e+00 0.000000000000000000e+00
4.305568478728498860e+01 2.586725767347429310e-03 0.000000000000000000e+00 0.000000000000000000e+00
4.375452139570330701e+01 -4.020274249402971262e-03 0.000000000000000000e+00 0.000000000000000000e+00
4.360390353399152019e+01 -4.440405073013338130e-03 0.000000000000000000e+00 0.000000000000000000e+00
4.347847647705951601e+01 5.483486432780890207e-03 0.000000000000000000e+00 0.000000000000000000e+00
4.589281802888001494e+01 -4.850534721285105523e-03 0.000000000000000000e+00 0.000000000000000000e+00
4.579565172240829440e+01 -4.918467570674457494e-03 0.000000000000000000e+00 0.000000000000000000e+00
4.586992910991678229e+01 -5.101676077349493431e-03 0.000000000000000000e+00 0.000000000000000000e+00
4.559660552887532248e+01 -6.195305677215690553e-03 0.000000000000000000e+00 0.000000000000000000e+00
4.562997392541524277e+01 -1.458419558424664877e-03 0.000000000000000000e+00 0.000000000000000000e+00
4.325631641348255130e+01 2.428338735954354687e-03 0.000000000000000000e+00 0.000000000000000000e+00
4.319713892937072330e+01 2.835437891467124626e-03 0.000000000000000000e+00 0.000000000000000000e+00
4.309783659437366765e+01 -1.339773278526745120e-03 0.000000000000000000e+00 0.000000000000000000e+00
4.471528285543465842e+01 2.353276900290116394e-03 0.000000000000000000e+00 0.000000000000000000e+00
4.570164365124817607e+01 3.482162560692693681e-03 0.000000000000000000e+00 0.000000000000000000e+00
4.541838676316027801e+01 2.504560696671086564e-03 0.000000000000000000e+00 0.000000000000000000e+00
4.481399364630104998e+01 -9.467702430551937567e-03 0.000000000000000000e+00 0.000000000000000000e+00
4.553121267393868266e+01 -6.700548116711149173e-03 0.000000000000000000e+00 0.000000000000000000e+00
4.532911082209501075e+01 1.323928087899504556e-03 0.000000000000000000e+00 0.000000000000000000e+00
4.335424868652833652e+01 -3.201975199421871077e-03 0.000000000000000000e+00 0.000000000000000000e+00
4.332446007928789555e+01 2.635638170041784949e-03 0.000000000000000000e+00 0.000000000000000000e+00
4.353090728773073437e+01 1.334985149913854021e-03 0.000000000000000000e+00 0.000000000000000000e+00
4.385712517047301162e+01 -1.372450119942211864e-03 0.000000000000000000e+00 0.000000000000000000e+00
4.520682175258465918e+01 3.873269116933518788e-03 0.000000000000000000e+00 0.000000000000000000e+00
4.448930330076076700e+01 3.145545525188214123e-03 0.000000000000000000e+00 0.000000000000000000e+00
4.488119496265819208e+01 1.397835441491472987e-03 0.000000000000000000e+00 0.000000000000000000e+00
4.505504212874544834e+01 5.138818063968950654e-03 0.000000000000000000e+00 0.000000000000000000e+00
4.512641041582347867e+01 6.332488321482932121e-03 0.000000000000000000e+00 0.000000000000000000e+00
4.442434242587265203e+01 -1.388865777107753125e-03 0.000000000000000000e+00 0.000000000000000000e+00
4.427698528361493402e+01 -9.095341846622388357e-03 0.000000000000000000e+00 0.000000000000000000e+00
4.525744432172341902e+01 2.191973049280023476e-03 0.000000000000000000e+00 0.000000000000000000e+00
4.499436524031433038e+01 -1.796480055610642215e-03 0.000000000000000000e+00 0.000000000000000000e+00
4.411752246399635169e+01 -5.760069586648328480e-03 0.000000000000000000e+00 0.000000000000000000e+00
4.402282012984931470e+01 2.102467429841202787e-03 0.000000000000000000e+00 0.000000000000000000e+00
4.402282012984931470e+01 2.102467429841202787e-03 0.000000000000000000e+00 0.000000000000000000e+00
4.457667145206161052e+01 -2.192786295524067031e-04 0.000000000000000000e+00 0.000000000000000000e+00
-2.858997216812549169e+01 -4.147337034175560024e-04 0.000000000000000000e+00 0.000000000000000000e+00
4.413622975546318372e+01 -8.329926523409027575e-03 0.000000000000000000e+00 0.000000000000000000e+00
-2.856078500312568025e+01 4.540898904698177510e-04 0.000000000000000000e+00 0.000000000000000000e+00
4.401371941971388679e+01 1.892630249922276414e-03 0.000000000000000000e+00 0.000000000000000000e+00
-2.672917105922024206e+01 5.635954836965832685e-06 0.000000000000000000e+00 0.000000000000000000e+00
-2.852928124131833343e+01 -2.940701764143059693e-04 0.000000000000000000e+00 0.000000000000000000e+00
-2.847990408393384243e+01 8.898544670101550839e-04 0.000000000000000000e+00 0.000000000000000000e+00
-2.839908280475222213e+01 1.898169518306907708e-03 0.000000000000000000e+00 0.000000000000000000e+00
-2.849606303675794550e+01 -2.751500854341323095e-04 0.000000000000000000e+00 0.000000000000000000e+00
-2.683647892302284177e+01 2.608326162817370918e-03 0.000000000000000000e+00 0.000000000000000000e+00
-2.695000316128710338e+01 -5.586360941274479651e-04 0.000000000000000000e+00 0.000000000000000000e+00
-2.826901600282302951e+01 -2.429916838303221825e-03 0.000000000000000000e+00 0.000000000000000000e+00
-2.823175611280042929e+01 -2.161117224385731943e-03 0.000000000000000000e+00 0.000000000000000000e+00
-2.817905634817919136e+01 -4.562828892521460602e-04 0.000000000000000000e+00 0.000000000000000000e+00
-2.814833199491546623e+01 2.195768281950580790e-03 0.000000000000000000e+00 0.000000000000000000e+00
-2.809583617381028375e+01 -6.406770111500441909e-04 0.000000000000000000e+00 0.000000000000000000e+00
-2.703473341722388312e+01 -5.178371352011419985e-04 0.000000000000000000e+00 0.000000000000000000e+00
-2.709301840129107219e+01 6.845947784247247018e-04 0.000000000000000000e+00 0.000000000000000000e+00
-2.711725946942552312e+01 -2.035341195451771223e-04 0.000000000000000000e+00 0.000000000000000000e+00
-2.717501881035610012e+01 1.311798810047361524e-03 0.000000000000000000e+00 0.000000000000000000e+00
-2.804069649907811268e+01 -1.059398471200715189e-03 0.000000000000000000e+00 0.000000000000000000e+00
-2.803117583785868305e+01 1.198328813907367958e-03 0.000000000000000000e+00 0.000000000000000000e+00
-2.799985338826226311e+01 1.169850439993516125e-04 0.000000000000000000e+00 0.000000000000000000e+00
-2.798015829301760249e+01 -8.392967984159518512e-05 0.000000000000000000e+00 0.000000000000000000e+00
-2.716224024375473078e+01 1.258565036448926189e-04 0.000000000000000000e+00 0.000000000000000000e+00
-2.723050982656831920e+01 -5.441728026127451391e-04 0.000000000000000000e+00 0.000000000000000000e+00
-2.783355352932838045e+01 4.512576270369602488e-03 0.000000000000000000e+00 0.000000000000000000e+00
-2.732527509809877841e+01 4.215396922623432648e-05 0.000000000000000000e+00 0.000000000000000000e+00
-2.774858261675315063e+01 2.127825368922459711e-03 0.000000000000000000e+00 0.000000000000000000e+00
-2.769682688391065639e+01 6.848195223024792925e-04 0.000000000000000000e+00 0.000000000000000000e+00
-2.764210337882656887e+01 -1.772185466823770084e-03 0.000000000000000000e+00 0.000000000000000000e+00
-2.786680179353768594e+01 -3.986378990076366435e-04 0.000000000000000000e+00 0.000000000000000000e+00
-2.787020793823262821e+01 -7.542541675959438155e-05 0.000000000000000000e+00 0.000000000000000000e+00
-2.728335467374639833e+01 -1.089227106144225284e-04 0.000000000000000000e+00 0.000000000000000000e+00
-2.756583639183641310e+01 2.119620520252627068e-04 0.000000000000000000e+00 0.000000000000000000e+00
-2.761049092163475294e+01 -1.229196732801080992e-03 0.000000000000000000e+00 0.000000000000000000e+00
-2.751817088034734482e+01 7.236212652953874676e-04 0.000000000000000000e+00 0.000000000000000000e+00
-2.743721438341453833e+01 -7.850594008112603273e-04 0.000000000000000000e+00 0.000000000000000000e+00
-2.740629576114500665e+01 -1.031945965621184046e-04 0.000000000000000000e+00 0.000000000000000000e+00
-2.739827598084704263e+01 -9.636515353097278261e-05 0.000000000000000000e+00 0.000000000000000000e+00
-2.750164447707740223e+01 1.994329019478551727e-04 0.000000000000000000e+00 0.000000000000000000e+00
-2.718512811273966534e+01 1.701687154159417395e-04 0.000000000000000000e+00 0.000000000000000000e+00
-2.730103352464436384e+01 3.432186304253533114e-05 0.000000000000000000e+00 0.000000000000000000e+00
-2.753981126210621255e+01 4.307704990704390251e-04 0.000000000000000000e+00 0.000000000000000000e+00
-2.753210786842632629e+01 -2.284031719922876690e-04 0.000000000000000000e+00 0.000000000000000000e+00
2.292650089419955606e+01 -5.290973997193933881e-02 0.000000000000000000e+00 0.000000000000000000e+00
-1.867061752252495310e+01 -4.956234144976889334e-03 0.000000000000000000e+00 0.000000000000000000e+00
-1.508519132126373385e+01 2.404198579067594842e-03 0.000000000000000000e+00 0.000000000000000000e+00
2.184493669028774221e+01 2.487538919051558717e-02 0.000000000000000000e+00 0.000000000000000000e+00
2.156466467593340397e+01 1.323605607688543330e-02 0.000000000000000000e+00 0.000000000000000000e+00
2.116835379810160589e+01 -9.142583756277772311e-03 0.000000000000000000e+00 0.000000000000000000e+00
2.108662254554934279e+01 2.719653212444357072e-03 0.000000000000000000e+00 0.000000000000000000e+00
2.091816368115944158e+01 9.970392827416291529e-03 0.000000000000000000e+00 0.000000000000000000e+00
2.059272953650425109e+01 1.324032475087321727e-02 0.000000000000000000e+00 0.000000000000000000e+00
2.036506940097109819e+01 2.780197589287719540e-02 0.000000000000000000e+00 0.000000000000000000e+00
2.015460205844692254e+01 -2.326827911770643423e-03 0.000000000000000000e+00 0.000000000000000000e+00
2.013255121022312721e+01 8.570887475654940038e-03 0.000000000000000000e+00 0.000000000000000000e+00
1.977625360763254392e+01 8.243909471648091028e-03 0.000000000000000000e+00 0.000000000000000000e+00
1.989030292110449238e+01 -4.446097279544074070e-03 0.000000000000000000e+00 0.000000000000000000e+00
2.001134667991715688e+01 2.812049005563847185e-03 0.000000000000000000e+00 0.000000000000000000e+00
1.999218406006858118e+01 2.737691827675822840e-03 0.000000000000000000e+00 0.000000000000000000e+00
1.873379576509470823e+01 3.488941606993831678e-03 0.000000000000000000e+00 0.000000000000000000e+00
1.880788217096140613e+01 -7.829414474366906684e-03 0.000000000000000000e+00 0.000000000000000000e+00
1.963809983790093128e+01 1.018310449344576353e-02 0.000000000000000000e+00 0.000000000000000000e+00
1.949331263418569549e+01 8.804562201168495209e-03 0.000000000000000000e+00 0.000000000000000000e+00
1.901660780362026415e+01 -1.053989772955376755e-03 0.000000000000000000e+00 0.000000000000000000e+00
1.935424618026451427e+01 -9.147959146806087030e-03 0.000000000000000000e+00 0.000000000000000000e+00
1.928245037433201148e+01 5.891761149456616921e-03 0.000000000000000000e+00 0.000000000000000000e+00
1.921272419650161112e+01 -6.250903442832464636e-03 0.000000000000000000e+00 0.000000000000000000e+00
1.916563791237695114e+01 3.751231631708162612e-03 0.000000000000000000e+00 0.000000000000000000e+00
-1.678574870367944172e+01 -3.703863299639679769e-03 0.000000000000000000e+00 0.000000000000000000e+00
-1.584718257345948089e+01 -2.454467627729826017e-04 0.000000000000000000e+00 0.000000000000000000e+00
-1.601475752030802013e+01 -1.236821752773146045e-03 0.000000000000000000e+00 0.000000000000000000e+00
-1.598935999175028222e+01 -7.473405833917796384e-05 0.000000000000000000e+00 0.000000000000000000e+00
-1.600017584239440183e+01 4.041420956265041187e-05 0.000000000000000000e+00 0.000000000000000000e+00
-1.564621252715966016e+01 -4.282982337877668942e-04 0.000000000000000000e+00 0.000000000000000000e+00
-1.492988097266205649e+01 -2.621641632567570232e-04 0.000000000000000000e+00 0.000000000000000000e+00
-1.486990166789651013e+01 7.369968217456489192e-04 0.000000000000000000e+00 0.000000000000000000e+00
-1.478886014917339331e+01 6.718362507929590824e-04 0.000000000000000000e+00 0.000000000000000000e+00
-1.466872906706437618e+01 -7.595232338867142618e-04 0.000000000000000000e+00 0.000000000000000000e+00
-1.422648028100065609e+01 2.188770620357776038e-03 0.000000000000000000e+00 0.000000000000000000e+00
-1.458477236710741742e+01 -4.151836757412737458e-03 0.000000000000000000e+00 0.000000000000000000e+00
-1.428912537085203027e+01 2.825798042543148283e-03 0.000000000000000000e+00 0.000000000000000000e+00
-1.453240001254305724e+01 1.273328959405380014e-03 0.000000000000000000e+00 0.000000000000000000e+00
-1.434224840328475814e+01 6.549241448886377638e-03 0.000000000000000000e+00 0.000000000000000000e+00
-1.451531470567564952e+01 -2.731797382894242572e-03 0.000000000000000000e+00 0.000000000000000000e+00
-1.448031259142577021e+01 -3.854936346199268251e-03 0.000000000000000000e+00 0.000000000000000000e+00
-1.445439095473671642e+01 -1.206010521418471836e-02 0.000000000000000000e+00 0.000000000000000000e+00
-1.441851808510521060e+01 -1.949189461599657412e-03 0.000000000000000000e+00 0.000000000000000000e+00
-1.443228463814121731e+01 1.735219411456526920e-03 0.000000000000000000e+00 0.000000000000000000e+00
1.834929809599614714e+01 -8.930585044656163748e-03 0.000000000000000000e+00 0.000000000000000000e+00
1.841234569546013589e+01 -3.199367453509062605e-03 0.000000000000000000e+00 0.000000000000000000e+00
1.856799142825602189e+01 -1.516014027816370291e-02 0.000000000000000000e+00 0.000000000000000000e+00
1.853281853652882916e+01 1.843004020271188891e-03 0.000000000000000000e+00 0.000000000000000000e+00
1.811611615157678656e+01 -1.495107078780925740e-02 0.000000000000000000e+00 0.000000000000000000e+00
1.820834062942657638e+01 2.548114945381972987e-03 0.000000000000000000e+00 0.000000000000000000e+00
1.801623708578485861e+01 -1.015210940566587186e-02 0.000000000000000000e+00 0.000000000000000000e+00
1.793158790159578686e+01 2.494800075946388210e-03 0.000000000000000000e+00 0.000000000000000000e+00
1.782501592437937887e+01 -8.905184020986053189e-03 0.000000000000000000e+00 0.000000000000000000e+00
1.770891538318715774e+01 6.814502800554541175e-05 0.000000000000000000e+00 0.000000000000000000e+00
1.764649277608215172e+01 9.033467132779615097e-04 0.000000000000000000e+00 0.000000000000000000e+00
1.764649277608215172e+01 9.033467132779615097e-04 0.000000000000000000e+00 0.000000000000000000e+00
1.742806393952012556e+01 8.374185031432654358e-03 0.000000000000000000e+00 0.000000000000000000e+00
1.749440546935850094e+01 1.358424759258932552e-02 0.000000000000000000e+00 0.000000000000000000e+00
1.623554035221690128e+01 -1.877753983569651090e-03 0.000000000000000000e+00 0.000000000000000000e+00
1.631274122663725024e+01 -6.625664530312497334e-04 0.000000000000000000e+00 0.000000000000000000e+00
1.734556611948205074e+01 4.807914624159919867e-03 0.000000000000000000e+00 0.000000000000000000e+00
1.683326735715139577e+01 4.066224386481323734e-03 0.000000000000000000e+00 0.000000000000000000e+00
1.699159738018083132e+01 -4.623576442669993444e-03 0.000000000000000000e+00 0.000000000000000000e+00
1.710185177342906115e+01 7.203776636294455769e-03 0.000000000000000000e+00 0.000000000000000000e+00
1.670560333188295843e+01 -8.010380259694957483e-03 0.000000000000000000e+00 0.000000000000000000e+00
1.667852867189939658e+01 2.006883454444559345e-03 0.000000000000000000e+00 0.000000000000000000e+00
1.720627071158885713e+01 2.912971655147415795e-03 0.000000000000000000e+00 0.000000000000000000e+00
1.647135288679275433e+01 -6.203462598082591997e-03 0.000000000000000000e+00 0.000000000000000000e+00
1.703921029701549728e+01 5.118548971736601883e-04 0.000000000000000000e+00 0.000000000000000000e+00
1.727074108880899672e+01 -5.205746132376547035e-03 0.000000000000000000e+00 0.000000000000000000e+00
1.645606449946697936e+01 -7.031703687787307401e-03 0.000000000000000000e+00 0.000000000000000000e+00
1.663120195425897663e+01 1.786275310832854176e-03 0.000000000000000000e+00 0.000000000000000000e+00
1.650973256433484337e+01 -7.488465613865792972e-03 0.000000000000000000e+00 0.000000000000000000e+00
1.723023790284117140e+01 -1.411665695350439436e-03 0.000000000000000000e+00 0.000000000000000000e+00
1.617202095126510386e+01 2.558008869777613718e-03 0.000000000000000000e+00 0.000000000000000000e+00
1.608207588551179512e+01 1.849822354345973321e-02 0.000000000000000000e+00 0.000000000000000000e+00
1.478302033497110202e+01 3.493919288287298825e-03 0.000000000000000000e+00 0.000000000000000000e+00
1.560311380959438310e+01 1.790674542449579437e-02 0.000000000000000000e+00 0.000000000000000000e+00
1.567000971097321127e+01 -1.445940292080243831e-03 0.000000000000000000e+00 0.000000000000000000e+00
1.580505264807218424e+01 5.556585994123912700e-03 0.000000000000000000e+00 0.000000000000000000e+00
1.543837971434690814e+01 -5.706369691486128971e-03 0.000000000000000000e+00 0.000000000000000000e+00
1.585176113834159395e+01 -4.708470549362718700e-03 0.000000000000000000e+00 0.000000000000000000e+00
1.588382023928710396e+01 5.176839597979167730e-05 0.000000000000000000e+00 0.000000000000000000e+00
1.532429317768984056e+01 -2.606658083790306269e-03 0.000000000000000000e+00 0.000000000000000000e+00
1.538007765785352632e+01 -6.131498217126041088e-03 0.000000000000000000e+00 0.000000000000000000e+00
1.488679727948233378e+01 -1.013692047329224806e-02 0.000000000000000000e+00 0.000000000000000000e+00
1.506010420760869017e+01 3.059916892839066333e-03 0.000000000000000000e+00 0.000000000000000000e+00
1.509726944845878904e+01 -1.139213674613970403e-03 0.000000000000000000e+00 0.000000000000000000e+00
1.498314810889358561e+01 -2.735200320934486027e-05 0.000000000000000000e+00 0.000000000000000000e+00
1.502099375764184863e+01 1.567881012764148208e-02 0.000000000000000000e+00 0.000000000000000000e+00
-1.417814317479628627e+01 1.963979204796870246e-03 0.000000000000000000e+00 0.000000000000000000e+00
-1.416151563713279060e+01 3.127037431219152879e-03 0.000000000000000000e+00 0.000000000000000000e+00
-1.409818490905164801e+01 5.873305277037410045e-04 0.000000000000000000e+00 0.000000000000000000e+00
-1.407423525954073540e+01 9.390218988460241265e-03 0.000000000000000000e+00 0.000000000000000000e+00
-1.403920096275888163e+01 -1.053713065753527365e-03 0.000000000000000000e+00 0.000000000000000000e+00
-1.401707029976213015e+01 6.162361429671767664e-03 0.000000000000000000e+00 0.000000000000000000e+00
-1.399278455825304945e+01 7.746787277655168213e-05 0.000000000000000000e+00 0.000000000000000000e+00
-1.326088776380860601e+01 4.222799713217210288e-03 0.000000000000000000e+00 0.000000000000000000e+00
-1.388450991522958056e+01 1.737394499052480508e-03 0.000000000000000000e+00 0.000000000000000000e+00
-1.396708723773441285e+01 3.814856098089207045e-03 0.000000000000000000e+00 0.000000000000000000e+00
-1.327177237491116557e+01 -3.209292486166777716e-03 0.000000000000000000e+00 0.000000000000000000e+00
-1.386104605009149537e+01 -2.628758649665971058e-05 0.000000000000000000e+00 0.000000000000000000e+00
-1.334054525434301830e+01 -1.443729617460875764e-03 0.000000000000000000e+00 0.000000000000000000e+00
-1.381854313142106960e+01 4.082688433959824788e-03 0.000000000000000000e+00 0.000000000000000000e+00
-1.396227191842931070e+01 -3.639780428925779888e-03 0.000000000000000000e+00 0.000000000000000000e+00
-1.338749797633346184e+01 3.053433789966009419e-04 0.000000000000000000e+00 0.000000000000000000e+00
-1.365904370976530302e+01 2.019370918067875994e-03 0.000000000000000000e+00 0.000000000000000000e+00
-1.371028344559312728e+01 -1.195119726576872581e-03 0.000000000000000000e+00 0.000000000000000000e+00
-1.379315093957342775e+01 -1.029923612191519563e-03 0.000000000000000000e+00 0.000000000000000000e+00
-1.375237289337443514e+01 3.617273644382828623e-03 0.000000000000000000e+00 0.000000000000000000e+00
-1.329784903665552775e+01 2.167126632489018313e-03 0.000000000000000000e+00 0.000000000000000000e+00
-1.344258035021553077e+01 -9.421674041522233459e-04 0.000000000000000000e+00 0.000000000000000000e+00
-1.347840456800046027e+01 -4.078635547137758437e-04 0.000000000000000000e+00 0.000000000000000000e+00
-1.373052469798773600e+01 4.790024633254830015e-03 0.000000000000000000e+00 0.000000000000000000e+00
-1.361190455644999808e+01 4.308353268002745005e-03 0.000000000000000000e+00 0.000000000000000000e+00
-1.340814559274047646e+01 -6.367367290961389826e-04 0.000000000000000000e+00 0.000000000000000000e+00
-1.350550965489490984e+01 -2.487216795219470995e-04 0.000000000000000000e+00 0.000000000000000000e+00
-1.355198697143475250e+01 5.095943979412976416e-03 0.000000000000000000e+00 0.000000000000000000e+00
-1.356227839683559999e+01 3.385935511050803311e-03 0.000000000000000000e+00 0.000000000000000000e+00
1.469957466662675927e+01 -3.505855085829511896e-03 0.000000000000000000e+00 0.000000000000000000e+00
1.431673261851812740e+01 1.124853485601415466e-02 0.000000000000000000e+00 0.000000000000000000e+00
1.396942207522564416e+01 2.654682412888240747e-03 0.000000000000000000e+00 0.000000000000000000e+00
1.410924605531454290e+01 -9.268319537297410463e-04 0.000000000000000000e+00 0.000000000000000000e+00
1.399224927710718447e+01 3.131725658418780568e-03 0.000000000000000000e+00 0.000000000000000000e+00
1.441018777176615551e+01 -1.039942867977125714e-02 0.000000000000000000e+00 0.000000000000000000e+00
1.454592481716674790e+01 8.916167382802601916e-04 0.000000000000000000e+00 0.000000000000000000e+00
1.420955133962775108e+01 -5.515467509668289803e-03 0.000000000000000000e+00 0.000000000000000000e+00
1.414468911970586973e+01 -8.343852818801983373e-03 0.000000000000000000e+00 0.000000000000000000e+00
1.462824011660227796e+01 -7.584453550074988712e-03 0.000000000000000000e+00 0.000000000000000000e+00
-1.281259249540285872e+01 -1.797924568111181585e-03 0.000000000000000000e+00 0.000000000000000000e+00
-1.289403751393439457e+01 3.744090483624855923e-04 0.000000000000000000e+00 0.000000000000000000e+00
-1.290924089718684264e+01 -1.799985653524804842e-03 0.000000000000000000e+00 0.000000000000000000e+00
-1.293645765921181834e+01 -3.108586175368226331e-04 0.000000000000000000e+00 0.000000000000000000e+00
-1.297792485041545341e+01 2.320912359499388219e-03 0.000000000000000000e+00 0.000000000000000000e+00
-1.306106676889205964e+01 -5.065245515944235156e-04 0.000000000000000000e+00 0.000000000000000000e+00
-1.311234853587089866e+01 5.299092682044964815e-03 0.000000000000000000e+00 0.000000000000000000e+00
-1.316474513260810575e+01 7.147133337669058905e-04 0.000000000000000000e+00 0.000000000000000000e+00
-1.309921248226336665e+01 1.660936534929783855e-03 0.000000000000000000e+00 0.000000000000000000e+00
-1.299213861546176219e+01 -7.866616714620476613e-04 0.000000000000000000e+00 0.000000000000000000e+00
-1.324467294724929367e+01 -5.176807382402705271e-03 0.000000000000000000e+00 0.000000000000000000e+00
1.364762633406556347e+01 -4.201984256321696261e-03 0.000000000000000000e+00 0.000000000000000000e+00
1.353631989125024226e+01 -9.211431597699826224e-03 0.000000000000000000e+00 0.000000000000000000e+00
1.378595282236501873e+01 2.001095970751935044e-03 0.000000000000000000e+00 0.000000000000000000e+00
1.359241973022738037e+01 -3.196965374617560893e-03 0.000000000000000000e+00 0.000000000000000000e+00
1.375362019033629934e+01 5.938301050152202699e-03 0.000000000000000000e+00 0.000000000000000000e+00
1.389553307040521091e+01 3.643739939170111044e-03 0.000000000000000000e+00 0.000000000000000000e+00
1.385220641384016282e+01 7.815363139438846404e-03 0.000000000000000000e+00 0.000000000000000000e+00
-1.259622110892023095e+01 -2.781394227450910070e-03 0.000000000000000000e+00 0.000000000000000000e+00
-1.264025091290767122e+01 -7.005709358174509250e-05 0.000000000000000000e+00 0.000000000000000000e+00
-1.266624235589801017e+01 -7.419921856153900491e-04 0.000000000000000000e+00 0.000000000000000000e+00
-1.261081101511469171e+01 -3.028904381125009388e-03 0.000000000000000000e+00 0.000000000000000000e+00
-1.272622709826937459e+01 1.505502587644494189e-03 0.000000000000000000e+00 0.000000000000000000e+00
-1.275340883613233700e+01 4.475360703039563473e-04 0.000000000000000000e+00 0.000000000000000000e+00
-1.276703891856084994e+01 -3.798937665682371265e-03 0.000000000000000000e+00 0.000000000000000000e+00
-1.284111049760766043e+01 1.723581021905492682e-03 0.000000000000000000e+00 0.000000000000000000e+00
1.294188734204381319e+01 -1.856659411063889958e-02 0.000000000000000000e+00 0.000000000000000000e+00
1.332596220648101770e+01 -1.149554929494574912e-02 0.000000000000000000e+00 0.000000000000000000e+00
1.325465343739449686e+01 4.180018516826995018e-03 0.000000000000000000e+00 0.000000000000000000e+00
1.310147651358299470e+01 -2.640746656496759538e-03 0.000000000000000000e+00 0.000000000000000000e+00
1.301313169382815538e+01 1.474346352302359844e-02 0.000000000000000000e+00 0.000000000000000000e+00
1.348244625996152024e+01 -1.736347041688382498e-02 0.000000000000000000e+00 0.000000000000000000e+00
1.328468947227175256e+01 8.442092172311919940e-03 0.000000000000000000e+00 0.000000000000000000e+00
-1.226243863487152730e+01 2.126557596136003682e-03 0.000000000000000000e+00 0.000000000000000000e+00
-1.230840347537748514e+01 1.634406822174047300e-03 0.000000000000000000e+00 0.000000000000000000e+00
-1.241032537704733762e+01 2.496252593392785449e-03 0.000000000000000000e+00 0.000000000000000000e+00
-1.252126143448749040e+01 5.099056543734973093e-03 0.000000000000000000e+00 0.000000000000000000e+00
-1.243653403459273044e+01 -2.839277875559183609e-03 0.000000000000000000e+00 0.000000000000000000e+00
-1.238378105394414597e+01 9.074972059123087445e-04 0.000000000000000000e+00 0.000000000000000000e+00
-1.246003952752596255e+01 1.421441686145058020e-09 0.000000000000000000e+00 0.000000000000000000e+00
1.275215237296801796e+01 -2.865067865293161129e-03 0.000000000000000000e+00 0.000000000000000000e+00
1.247529815986014512e+01 4.611472008080479135e-03 0.000000000000000000e+00 0.000000000000000000e+00
1.265346891862850143e+01 -6.923166812398280070e-04 0.000000000000000000e+00 0.000000000000000000e+00
1.253902539469628330e+01 -1.603479487463091479e-03 0.000000000000000000e+00 0.000000000000000000e+00
1.278276610897439802e+01 -1.012543247911996784e-02 0.000000000000000000e+00 0.000000000000000000e+00
1.287021268219233683e+01 3.594062688276362938e-02 0.000000000000000000e+00 0.000000000000000000e+00
1.296535128217057320e+01 4.019559674277349039e-03 0.000000000000000000e+00 0.000000000000000000e+00
-9.633731149381070225e+00 -1.579958434520664472e-03 0.000000000000000000e+00 0.000000000000000000e+00
-9.729975949812022407e+00 -7.488898194483276398e-04 0.000000000000000000e+00 0.000000000000000000e+00
-9.790726678025370333e+00 9.397340582680789589e-04 0.000000000000000000e+00 0.000000000000000000e+00
-1.211367875015820417e+01 2.617877617979989888e-03 0.000000000000000000e+00 0.000000000000000000e+00
-1.220132862542498842e+01 -8.799846448051606507e-04 0.000000000000000000e+00 0.000000000000000000e+00
-1.223375967638374817e+01 -1.381170829928540962e-03 0.000000000000000000e+00 0.000000000000000000e+00
-1.214985941813579018e+01 -2.801928111826848967e-03 0.000000000000000000e+00 0.000000000000000000e+00
-1.216571923993323701e+01 2.777943183425270933e-05 0.000000000000000000e+00 0.000000000000000000e+00
-1.218043415235668370e+01 2.609958141855642959e-05 0.000000000000000000e+00 0.000000000000000000e+00
-1.222742034418632784e+01 -2.247465466484138349e-03 0.000000000000000000e+00 0.000000000000000000e+00
-1.210856298986855428e+01 -1.212604128662709549e-03 0.000000000000000000e+00 0.000000000000000000e+00
1.239404003794332354e+01 3.389981603092331527e-03 0.000000000000000000e+00 0.000000000000000000e+00
1.230370518701016636e+01 9.450650061627980172e-03 0.000000000000000000e+00 0.000000000000000000e+00
1.219725327341562604e+01 5.044784590999629517e-03 0.000000000000000000e+00 0.000000000000000000e+00
1.210016875920019430e+01 -3.501060578132675696e-03 0.000000000000000000e+00 0.000000000000000000e+00
1.203553966925994700e+01 5.843449002290412560e-04 0.000000000000000000e+00 0.000000000000000000e+00
1.224009687679831693e+01 -1.598342699827013866e-02 0.000000000000000000e+00 0.000000000000000000e+00
1.192673113033062471e+01 -2.200543473942591886e-03 0.000000000000000000e+00 0.000000000000000000e+00
-9.864312270793227810e+00 1.245244557629054212e-03 0.000000000000000000e+00 0.000000000000000000e+00
-9.899377699698748145e+00 2.685662327372646580e-04 0.000000000000000000e+00 0.000000000000000000e+00
-9.916040891518591138e+00 -5.714888526619711813e-04 0.000000000000000000e+00 0.000000000000000000e+00
-1.000828116274034763e+01 7.857217201801137540e-04 0.000000000000000000e+00 0.000000000000000000e+00
-1.004278681123507866e+01 2.496916051629916120e-03 0.000000000000000000e+00 0.000000000000000000e+00
-1.008220789255699046e+01 6.452956802751680593e-04 0.000000000000000000e+00 0.000000000000000000e+00
-1.009534764273950280e+01 2.151094399023427677e-03 0.000000000000000000e+00 0.000000000000000000e+00
-1.013427948972913839e+01 1.529885990057998401e-03 0.000000000000000000e+00 0.000000000000000000e+00
-1.196496401057428827e+01 1.623145687593837002e-03 0.000000000000000000e+00 0.000000000000000000e+00
-1.194224519392642669e+01 -3.068825648123387926e-04 0.000000000000000000e+00 0.000000000000000000e+00
-1.201437483276331442e+01 1.387469817790506869e-03 0.000000000000000000e+00 0.000000000000000000e+00
-1.203124381670560261e+01 -1.849073930350863800e-04 0.000000000000000000e+00 0.000000000000000000e+00
-1.185720872750367327e+01 -1.733313624254353774e-04 0.000000000000000000e+00 0.000000000000000000e+00
-1.189118523053426202e+01 6.092702528340652882e-04 0.000000000000000000e+00 0.000000000000000000e+00
1.181722962667356391e+01 8.954878530151130778e-03 0.000000000000000000e+00 0.000000000000000000e+00
1.175465463606245997e+01 1.001959657403327444e-02 0.000000000000000000e+00 0.000000000000000000e+00
1.161404581951785886e+01 1.597878076494836305e-02 0.000000000000000000e+00 0.000000000000000000e+00
1.159603744185693763e+01 -1.463778970546287216e-03 0.000000000000000000e+00 0.000000000000000000e+00
1.157790607631301683e+01 2.427727894375857065e-02 0.000000000000000000e+00 0.000000000000000000e+00
1.150636603347967757e+01 -8.569215222554783448e-03 0.000000000000000000e+00 0.000000000000000000e+00
1.097000883892324197e+01 2.123167362546035317e-02 0.000000000000000000e+00 0.000000000000000000e+00
1.124111762308473494e+01 -3.270375730187691731e-04 0.000000000000000000e+00 0.000000000000000000e+00
1.145183128458238819e+01 -1.681891656721714798e-03 0.000000000000000000e+00 0.000000000000000000e+00
1.131360555581195904e+01 -1.809800680346220197e-03 0.000000000000000000e+00 0.000000000000000000e+00
1.131360555581195904e+01 -1.809800680346220197e-03 0.000000000000000000e+00 0.000000000000000000e+00
-1.021247654892101586e+01 -1.326997000048257087e-03 0.000000000000000000e+00 0.000000000000000000e+00
-1.023006356637403691e+01 -2.381096797011002849e-03 0.000000000000000000e+00 0.000000000000000000e+00
-1.027887578104121324e+01 5.604163088613555409e-04 0.000000000000000000e+00 0.000000000000000000e+00
-1.030477384666316532e+01 6.735987185038577263e-04 0.000000000000000000e+00 0.000000000000000000e+00
-1.060749322867161659e+01 1.005293745301030946e-03 0.000000000000000000e+00 0.000000000000000000e+00
-1.067576204258667971e+01 -2.023615402329317361e-04 0.000000000000000000e+00 0.000000000000000000e+00
-1.181550297362358570e+01 -1.306178000958464931e-03 0.000000000000000000e+00 0.000000000000000000e+00
-1.173933151263025998e+01 -2.168015305699037831e-03 0.000000000000000000e+00 0.000000000000000000e+00
-1.172658959064535900e+01 4.314696676229404747e-03 0.000000000000000000e+00 0.000000000000000000e+00
-1.092649921265930146e+01 2.202345365020918523e-03 0.000000000000000000e+00 0.000000000000000000e+00
-1.074386035465788325e+01 -3.338210535981556322e-04 0.000000000000000000e+00 0.000000000000000000e+00
-1.088741896885216320e+01 1.076242569517484862e-03 0.000000000000000000e+00 0.000000000000000000e+00
-1.169284297527248029e+01 2.801776424178955161e-03 0.000000000000000000e+00 0.000000000000000000e+00
-1.078809525018979620e+01 8.766764373752322030e-05 0.000000000000000000e+00 0.000000000000000000e+00
-1.084665713217939320e+01 -5.972438724223701895e-03 0.000000000000000000e+00 0.000000000000000000e+00
-1.100586160653418588e+01 -1.133471276311759108e-03 0.000000000000000000e+00 0.000000000000000000e+00
-1.162925090201992262e+01 2.267065128692119427e-03 0.000000000000000000e+00 0.000000000000000000e+00
-1.182653588060392735e+01 -1.414327146519216193e-03 0.000000000000000000e+00 0.000000000000000000e+00
-1.158353256949733456e+01 -2.390171426413690344e-03 0.000000000000000000e+00 0.000000000000000000e+00
1.109601837069946839e+01 -3.547310929060425947e-03 0.000000000000000000e+00 0.000000000000000000e+00
1.103171875000332314e+01 7.007141673040446876e-03 0.000000000000000000e+00 0.000000000000000000e+00
1.080295726892987851e+01 -8.262046009153459561e-03 0.000000000000000000e+00 0.000000000000000000e+00
1.089253048721886685e+01 -1.595561830593960478e-02 0.000000000000000000e+00 0.000000000000000000e+00
9.108513974522145062e+00 -9.090339532724605112e-03 0.000000000000000000e+00 0.000000000000000000e+00
9.261850482985138910e+00 1.500514324570463923e-02 0.000000000000000000e+00 0.000000000000000000e+00
1.071415175400850828e+01 -1.034663424875499442e-02 0.000000000000000000e+00 0.000000000000000000e+00
9.460303342772753865e+00 -9.008322075027131240e-03 0.000000000000000000e+00 0.000000000000000000e+00
1.008771869260935361e+01 -1.877306728464999894e-02 0.000000000000000000e+00 0.000000000000000000e+00
1.018280402146191044e+01 2.428574223616917702e-03 0.000000000000000000e+00 0.000000000000000000e+00
9.342811356641318454e+00 -1.105972709272108942e-04 0.000000000000000000e+00 0.000000000000000000e+00
9.567918773941666899e+00 -3.309888093077028269e-03 0.000000000000000000e+00 0.000000000000000000e+00
1.055185494641195909e+01 1.239172838475794194e-02 0.000000000000000000e+00 0.000000000000000000e+00
1.034356788628934432e+01 -8.163913367227307663e-03 0.000000000000000000e+00 0.000000000000000000e+00
9.742055676986929313e+00 -3.844942061060431081e-03 0.000000000000000000e+00 0.000000000000000000e+00
1.064712982334982350e+01 7.196450785529571147e-03 0.000000000000000000e+00 0.000000000000000000e+00
1.028015821419751674e+01 -8.057476849772468586e-03 0.000000000000000000e+00 0.000000000000000000e+00
9.660265164882217093e+00 1.624222103175905832e-02 0.000000000000000000e+00 0.000000000000000000e+00
1.046131177202418527e+01 -9.443367354252638762e-03 0.000000000000000000e+00 0.000000000000000000e+00
9.897078648736940210e+00 -4.045986095257426626e-03 0.000000000000000000e+00 0.000000000000000000e+00
1.063021525899110564e+01 -4.473160327119342361e-03 0.000000000000000000e+00 0.000000000000000000e+00
9.833043484696695202e+00 -1.598300578794708063e-02 0.000000000000000000e+00 0.000000000000000000e+00
9.912195697089083879e+00 -1.260793414832731517e-02 0.000000000000000000e+00 0.000000000000000000e+00
-1.036093785356162300e+01 7.441083261877999133e-04 0.000000000000000000e+00 0.000000000000000000e+00
-1.038456351436033920e+01 4.204935275292850938e-03 0.000000000000000000e+00 0.000000000000000000e+00
-1.050656004968514345e+01 2.966164612121445737e-04 0.000000000000000000e+00 0.000000000000000000e+00
-1.040141784571876826e+01 6.373514985978301003e-04 0.000000000000000000e+00 0.000000000000000000e+00
-1.056800363891973582e+01 2.528695569943510864e-03 0.000000000000000000e+00 0.000000000000000000e+00
-1.044181671378155585e+01 1.040912187513509451e-03 0.000000000000000000e+00 0.000000000000000000e+00
-1.036754532947053598e+01 -4.055613889513083646e-04 0.000000000000000000e+00 0.000000000000000000e+00
-1.044838929844259212e+01 -1.270383590559938120e-03 0.000000000000000000e+00 0.000000000000000000e+00
-1.070850984377977255e+01 8.598900370702796617e-04 0.000000000000000000e+00 0.000000000000000000e+00
-1.052654614385296306e+01 2.938858283244841132e-03 0.000000000000000000e+00 0.000000000000000000e+00
-1.081041066055501076e+01 -5.107825634108324742e-03 0.000000000000000000e+00 0.000000000000000000e+00
-1.155184136952654228e+01 -2.181119318164783608e-03 0.000000000000000000e+00 0.000000000000000000e+00
-1.112168724749981941e+01 -2.483532944203474188e-03 0.000000000000000000e+00 0.000000000000000000e+00
-1.122466896330442054e+01 -2.741254081333855275e-03 0.000000000000000000e+00 0.000000000000000000e+00
-1.124190116420862573e+01 1.673484777692762007e-03 0.000000000000000000e+00 0.000000000000000000e+00
-1.110353157422975556e+01 -2.202193762993883211e-03 0.000000000000000000e+00 0.000000000000000000e+00
-1.103699012479228259e+01 -1.472412246769895733e-03 0.000000000000000000e+00 0.000000000000000000e+00
-1.145123194085007867e+01 -1.547925310018197437e-03 0.000000000000000000e+00 0.000000000000000000e+00
-1.133469998684608093e+01 2.660231310706270922e-03 0.000000000000000000e+00 0.000000000000000000e+00
-1.149225310574587766e+01 2.080016474874857822e-03 0.000000000000000000e+00 0.000000000000000000e+00
-1.138672083569288063e+01 -8.158157561804916039e-04 0.000000000000000000e+00 0.000000000000000000e+00
-1.153178399636882645e+01 3.961181676980709155e-04 0.000000000000000000e+00 0.000000000000000000e+00
-1.150572057908965284e+01 6.948461901998021373e-04 0.000000000000000000e+00 0.000000000000000000e+00
-1.056117123861892360e+01 2.123313906705951413e-04 0.000000000000000000e+00 0.000000000000000000e+00
-1.128708813467424221e+01 6.963129225800871250e-04 0.000000000000000000e+00 0.000000000000000000e+00
-1.126884279677055467e+01 2.687691408644020397e-03 0.000000000000000000e+00 0.000000000000000000e+00
-1.141198857664380206e+01 -5.958352827426228321e-03 0.000000000000000000e+00 0.000000000000000000e+00
-1.139535551013115366e+01 7.068067880195240188e-04 0.000000000000000000e+00 0.000000000000000000e+00
-1.128919716801851969e+01 3.462928119619553945e-03 0.000000000000000000e+00 0.000000000000000000e+00
8.906100973096524598e+00 -3.995333490298758408e-03 0.000000000000000000e+00 0.000000000000000000e+00
9.002624401334594850e+00 7.845751311714449158e-03 0.000000000000000000e+00 0.000000000000000000e+00
8.688531439225650743e+00 5.866076603376447346e-03 0.000000000000000000e+00 0.000000000000000000e+00
8.814416796816701094e+00 6.391961168464620549e-03 0.000000000000000000e+00 0.000000000000000000e+00
8.759539425706140747e+00 -1.008254218740197924e-02 0.000000000000000000e+00 0.000000000000000000e+00
8.577462183917694105e+00 -7.509086415133924518e-03 0.000000000000000000e+00 0.000000000000000000e+00
8.640387360511539327e+00 -9.630374765961504865e-03 0.000000000000000000e+00 0.000000000000000000e+00
8.658310821555591730e+00 -1.484748669050463959e-02 0.000000000000000000e+00 0.000000000000000000e+00
8.388233880736100545e+00 2.088540123617543126e-02 0.000000000000000000e+00 0.000000000000000000e+00
8.357110985650010093e+00 -9.272183036102875711e-03 0.000000000000000000e+00 0.000000000000000000e+00
8.296706626166704623e+00 1.257054661839477651e-02 0.000000000000000000e+00 0.000000000000000000e+00
8.026380409313960129e+00 1.444338916208049231e-02 0.000000000000000000e+00 0.000000000000000000e+00
8.203927489884033974e+00 -6.489578041558922289e-03 0.000000000000000000e+00 0.000000000000000000e+00
8.207601853672199965e+00 7.970032635334502180e-03 0.000000000000000000e+00 0.000000000000000000e+00
7.276488180858265764e+00 -4.561699397959578274e-03 0.000000000000000000e+00 0.000000000000000000e+00
7.923606214647067603e+00 -2.272788675590195484e-02 0.000000000000000000e+00 0.000000000000000000e+00
7.349175268693736385e+00 -3.079552935045338623e-03 0.000000000000000000e+00 0.000000000000000000e+00
7.619850449794404845e+00 -6.311250547582327374e-04 0.000000000000000000e+00 0.000000000000000000e+00
7.646845111853590282e+00 1.841028337445556676e-02 0.000000000000000000e+00 0.000000000000000000e+00
7.467504014112411603e+00 3.183914316772764198e-03 0.000000000000000000e+00 0.000000000000000000e+00
7.382318642039201073e+00 1.159269628024734919e-02 0.000000000000000000e+00 0.000000000000000000e+00
7.817399909669784819e+00 -4.995413581276246517e-03 0.000000000000000000e+00 0.000000000000000000e+00
7.707123577472491327e+00 3.349829294269932554e-03 0.000000000000000000e+00 0.000000000000000000e+00
7.441994780849026547e+00 1.366775534143287955e-03 0.000000000000000000e+00 0.000000000000000000e+00
7.825813962040522043e+00 -9.661534960197195460e-03 0.000000000000000000e+00 0.000000000000000000e+00
7.915573012673330133e+00 -2.445159420312243564e-02 0.000000000000000000e+00 0.000000000000000000e+00
-3.247017219165216684e+00 6.803568104697792392e-03 1.137480079270381546e-11 7.298155010600245242e-19
6.444362656281789725e+00 -9.911199623282114166e-03 0.000000000000000000e+00 0.000000000000000000e+00
6.575999494486450381e+00 9.652640283845922986e-03 0.000000000000000000e+00 0.000000000000000000e+00
7.104667003261125657e+00 -4.677171213590492448e-03 0.000000000000000000e+00 0.000000000000000000e+00
6.998741712411170823e+00 -7.325998599377585990e-03 0.000000000000000000e+00 0.000000000000000000e+00
7.201292863580248671e+00 -1.194964072306155386e-03 0.000000000000000000e+00 0.000000000000000000e+00
7.201292863580248671e+00 -1.194964072306155386e-03 0.000000000000000000e+00 0.000000000000000000e+00
7.045066201485773227e+00 1.144858749845114113e-02 0.000000000000000000e+00 0.000000000000000000e+00
6.755341598208768339e+00 -8.708298162259231825e-03 0.000000000000000000e+00 0.000000000000000000e+00
6.781035290355319489e+00 2.218753718933664729e-02 0.000000000000000000e+00 0.000000000000000000e+00
6.882333756383633983e+00 4.007295538632913573e-03 0.000000000000000000e+00 0.000000000000000000e+00
6.891400487314226275e+00 6.236148639626197987e-05 0.000000000000000000e+00 0.000000000000000000e+00
-2.840390061686480561e+00 2.579936676870945699e-03 5.771509108918673747e-03 9.281709769411506153e-06
-2.669037457735858876e+00 -7.952708337022780516e-03 4.601891350643331768e-01 5.284962394092661275e-02
-2.605785280004034643e+00 8.654938331076043358e-04 4.102431380689813140e-03 2.277384785660288048e-03
-2.507553207596703526e+00 -1.894160227453320052e-03 4.029633589966568133e-03 2.584508112285216486e-02
-2.412786260815587447e+00 -2.416399177695383808e-04 3.806757946711504542e-06 2.587602856421216866e-04
4.761997823958049381e+00 6.082781017465931257e-03 0.000000000000000000e+00 0.000000000000000000e+00
4.761997823958049381e+00 6.082781017465931257e-03 0.000000000000000000e+00 0.000000000000000000e+00
6.184992198166268551e+00 -3.034108796537785153e-03 0.000000000000000000e+00 0.000000000000000000e+00
6.160014098055122567e+00 -2.539125086509300740e-03 0.000000000000000000e+00 0.000000000000000000e+00
6.346117612539824648e+00 -5.634810270798634897e-03 0.000000000000000000e+00 0.000000000000000000e+00
6.389635349999773339e+00 -2.070494134998630484e-02 0.000000000000000000e+00 0.000000000000000000e+00
6.068159449499368918e+00 -1.896216762444341564e-02 0.000000000000000000e+00 0.000000000000000000e+00
4.902104912887248922e+00 8.761454394338109158e-03 0.000000000000000000e+00 0.000000000000000000e+00
4.937375562691389774e+00 5.905981982748975331e-03 0.000000000000000000e+00 0.000000000000000000e+00
4.839377868670850624e+00 -4.920574858643739051e-03 0.000000000000000000e+00 0.000000000000000000e+00
6.040924466751132371e+00 -7.685078578487574384e-03 0.000000000000000000e+00 0.000000000000000000e+00
6.425480157689255734e+00 -3.533872061993828008e-04 0.000000000000000000e+00 0.000000000000000000e+00
5.037068091693694960e+00 3.174243836109593656e-03 0.000000000000000000e+00 0.000000000000000000e+00
6.696598163716905638e+00 -1.647574453218022747e-02 0.000000000000000000e+00 0.000000000000000000e+00
5.109163775209929703e+00 9.329496074702566671e-03 0.000000000000000000e+00 0.000000000000000000e+00
6.692186235899266755e+00 -1.827692353840892903e-02 0.000000000000000000e+00 0.000000000000000000e+00
5.823428255831612610e+00 1.182971896066321730e-03 0.000000000000000000e+00 0.000000000000000000e+00
5.294046463532217750e+00 1.042967207777790312e-02 0.000000000000000000e+00 0.000000000000000000e+00
5.800589309121440884e+00 -1.842056345059334306e-03 0.000000000000000000e+00 0.000000000000000000e+00
5.401612581081366216e+00 -8.661645812576857298e-03 0.000000000000000000e+00 0.000000000000000000e+00
5.221605982615988850e+00 1.217495671870632255e-02 0.000000000000000000e+00 0.000000000000000000e+00
5.593023339868158139e+00 -4.543587156483967250e-03 0.000000000000000000e+00 0.000000000000000000e+00
5.482551910750951052e+00 -8.879531632205092933e-04 0.000000000000000000e+00 0.000000000000000000e+00
5.531885987975007524e+00 -2.318562394445702370e-03 0.000000000000000000e+00 0.000000000000000000e+00
5.733388475611215007e+00 -9.443170788162263615e-03 0.000000000000000000e+00 0.000000000000000000e+00
5.733388475611215007e+00 -9.443170788162263615e-03 0.000000000000000000e+00 0.000000000000000000e+00
6.623863853774653698e+00 -1.856451974804941259e-03 0.000000000000000000e+00 0.000000000000000000e+00
6.621548322852571999e+00 -1.816580267219344456e-03 0.000000000000000000e+00 0.000000000000000000e+00
5.196895347882337646e+00 3.000313142302853640e-03 0.000000000000000000e+00 0.000000000000000000e+00
5.557146778324604242e+00 1.234147738153828101e-03 0.000000000000000000e+00 0.000000000000000000e+00
5.689704780886486013e+00 1.947458000992418443e-04 0.000000000000000000e+00 0.000000000000000000e+00
-2.387198266766674237e+00 -3.626253742385189202e-03 3.183929403300956055e-04 4.093811380795848304e-02
-2.302892474880296358e+00 2.347300485786084617e-03 2.617785158239612812e-06 2.748875670530846142e-03
-2.254762083151994112e+00 -1.571928174910634584e-03 7.861403336662140851e-08 2.737894257853011994e-04
-2.165932099483729889e+00 -5.594255012426452463e-03 2.820445090864718029e-09 8.979157953858057191e-05
-2.212381430723921572e+00 3.817606376499638188e-03 3.252916115983394720e-08 3.255980336802892115e-04
-2.102422044824566516e+00 -5.129619540966712590e-03 1.780852276179661629e-11 2.758196680720210452e-06
-2.078091894828309361e+00 3.727727200136901533e-03 1.237744193929230947e-12 3.514328628949017669e-07
-1.944071327762498358e+00 1.308675499689326838e-02 4.654655440127643039e-17 3.723846341246962727e-10
-1.972027333901134272e+00 1.149508566641773387e-02 6.288611395356909850e-16 2.507371863556420248e-09
-2.006104265813145382e+00 8.800043477067065120e-03 1.037218129120822983e-14 1.769599671926410577e-08
-1.766177702176900510e+00 3.179581630997759586e-03 2.406201974007572872e-27 1.617956531135209247e-18
-1.836755368194336047e+00 -1.519191785720353828e-03 3.718693438244145390e-24 4.310079523382058120e-16
-1.832213129874482593e+00 -5.356201763680053761e-03 2.677553805667289596e-23 3.475145725001125366e-15
-1.790779860170915061e+00 -3.583636378417960340e-04 7.176468005955825907e-28 2.614500240614180911e-19
4.652494564261709264e+00 1.286109243599430768e-02 0.000000000000000000e+00 0.000000000000000000e+00
4.519074052734283420e+00 -1.040782312756805342e-02 0.000000000000000000e+00 0.000000000000000000e+00
4.555858438788268572e+00 -5.978027495560347439e-03 0.000000000000000000e+00 0.000000000000000000e+00
4.209532432563873883e+00 -2.534879555957680365e-03 0.000000000000000000e+00 0.000000000000000000e+00
4.435084922284052489e+00 -1.629503465079932710e-03 0.000000000000000000e+00 0.000000000000000000e+00
4.376550609787940083e+00 1.070231196272003645e-02 0.000000000000000000e+00 0.000000000000000000e+00
4.042488484820355055e+00 -3.102692619672048260e-04 0.000000000000000000e+00 0.000000000000000000e+00
3.943065468517151118e+00 -1.631235368183459045e-02 0.000000000000000000e+00 0.000000000000000000e+00
3.973929621746135066e+00 1.129904501970052915e-03 0.000000000000000000e+00 0.000000000000000000e+00
4.268211215652993218e+00 3.021095235086094805e-03 0.000000000000000000e+00 0.000000000000000000e+00
4.327785164822716801e+00 3.735673948879010206e-03 0.000000000000000000e+00 0.000000000000000000e+00
4.254640427567102812e+00 -1.208014832645782927e-03 0.000000000000000000e+00 0.000000000000000000e+00
3.840120472587865486e+00 -1.542423689014663915e-03 0.000000000000000000e+00 0.000000000000000000e+00
3.751114987451738880e+00 -6.545723995990812213e-03 0.000000000000000000e+00 0.000000000000000000e+00
3.620043617953017101e+00 1.923497479517554277e-03 0.000000000000000000e+00 0.000000000000000000e+00
3.545937619348986214e+00 -1.158607619223095582e-02 0.000000000000000000e+00 0.000000000000000000e+00
3.439611454570360216e+00 1.993033193357442428e-03 0.000000000000000000e+00 0.000000000000000000e+00
3.300328706724241279e+00 -3.738677853403167290e-03 0.000000000000000000e+00 0.000000000000000000e+00
3.192515450370770669e+00 1.057008209087911821e-03 0.000000000000000000e+00 0.000000000000000000e+00
3.115620651468804070e+00 2.055413209946254684e-03 0.000000000000000000e+00 0.000000000000000000e+00
3.052586032531347637e+00 -5.996381956172228481e-03 0.000000000000000000e+00 0.000000000000000000e+00
2.909129849711016291e+00 -7.158384059524235642e-03 0.000000000000000000e+00 0.000000000000000000e+00
2.857253085796894077e+00 2.847577280154945799e-04 0.000000000000000000e+00 0.000000000000000000e+00
2.857253085796894077e+00 2.847577280154945799e-04 0.000000000000000000e+00 0.000000000000000000e+00
2.995674568583681641e+00 6.375381472300001035e-04 0.000000000000000000e+00 0.000000000000000000e+00
2.701433847433055480e+00 6.893463691099902630e-04 0.000000000000000000e+00 0.000000000000000000e+00
2.735953721795378879e+00 1.303111654635676422e-02 0.000000000000000000e+00 0.000000000000000000e+00
2.770855329406845868e+00 -5.957770857318574025e-03 0.000000000000000000e+00 0.000000000000000000e+00
2.779276448948295286e+00 9.048389143845654570e-03 0.000000000000000000e+00 0.000000000000000000e+00
-1.743700212905376024e+00 5.465490076697727961e-03 3.684966484434223054e-28 4.337500729734982108e-19
-1.690493067939403016e+00 4.411235256893711494e-03 1.627489418008016834e-31 7.210115318292682958e-22
-1.669099379127811256e+00 -7.191533547888935562e-03 2.051071637974137151e-32 1.548285655698661585e-22
-1.654333685175580548e+00 -1.602302993582553799e-03 1.194718435007221914e-34 1.302799312103014812e-24
2.656435848476000672e+00 8.749766893242638677e-03 0.000000000000000000e+00 0.000000000000000000e+00
2.570896737257839515e+00 3.156404634157662387e-03 0.000000000000000000e+00 0.000000000000000000e+00
2.592329849927895058e+00 6.171833639643168126e-03 0.000000000000000000e+00 0.000000000000000000e+00
2.444737530538925174e+00 1.956746935925594063e-03 0.000000000000000000e+00 0.000000000000000000e+00
2.471667275170777778e+00 -5.461245453351071082e-03 0.000000000000000000e+00 0.000000000000000000e+00
2.507817827791763765e+00 -1.665318199207374214e-02 0.000000000000000000e+00 0.000000000000000000e+00
2.540111607491742696e+00 -3.743899533983801806e-03 0.000000000000000000e+00 0.000000000000000000e+00
2.492747684029914979e+00 1.008528730226725893e-04 0.000000000000000000e+00 0.000000000000000000e+00
-1.594796740798493984e+00 1.123434421010285032e-02 7.556071405110181552e-37 3.630818575477826561e-26
-1.589754841112307249e+00 8.943697792986841574e-03 2.190637443872986048e-37 1.193505608082649396e-26
-1.566399610791499031e+00 1.493747029261846332e-03 1.555719805844863089e-40 1.516534763932578914e-29
-1.504082925397460579e+00 2.412188473274746222e-03 1.540150638535273088e-44 7.090113311088086599e-33
-1.476215556862016332e+00 -1.048382828635995717e-02 2.560146757980540030e-45 2.359587797567545258e-33
-1.449147847197289840e+00 1.187871767509587201e-02 2.976428856260472251e-47 5.383900604444633880e-35
-1.453595727006931737e+00 -2.285326494946585303e-03 2.403960041036499852e-48 3.892330190028089050e-36
-1.342577039599377464e+00 9.039490726177381100e-03 5.581727650282649854e-56 1.435818295559256008e-42
-1.261413901489056411e+00 -4.310322059296771598e-03 1.448756889243659508e-63 2.814391157562091641e-49
-1.313024605337636874e+00 -3.788165559374898420e-03 3.245086447497825991e-59 1.742882820944838367e-45
-1.221090174454028787e+00 -1.360732652229776872e-02 3.605875355149615218e-66 1.912666529543055802e-51
-1.390256925666454313e+00 4.577712216913147440e-03 1.101397373545508495e-52 8.638794588314142184e-40
2.410929215025765959e+00 -1.102215312100951819e-02 0.000000000000000000e+00 0.000000000000000000e+00
2.370125303623328072e+00 2.951229666203726825e-03 0.000000000000000000e+00 0.000000000000000000e+00
2.309048022301240177e+00 -3.663622749877337367e-03 0.000000000000000000e+00 0.000000000000000000e+00
2.297081069214489624e+00 1.548565634012624963e-03 0.000000000000000000e+00 0.000000000000000000e+00
2.263022834598229061e+00 -2.276339907372467147e-03 0.000000000000000000e+00 0.000000000000000000e+00
2.204097024540442096e+00 1.765574321799343472e-04 0.000000000000000000e+00 0.000000000000000000e+00
2.204097024540442096e+00 1.765574321799343472e-04 0.000000000000000000e+00 0.000000000000000000e+00
2.170895614252352779e+00 -8.266933452319349257e-04 0.000000000000000000e+00 0.000000000000000000e+00
2.151489196562553108e+00 -8.406080756129788792e-03 0.000000000000000000e+00 0.000000000000000000e+00
2.017738821832999019e+00 -5.619609745158248709e-03 0.000000000000000000e+00 0.000000000000000000e+00
2.038079621544808262e+00 3.382213390764201612e-03 0.000000000000000000e+00 0.000000000000000000e+00
2.129372262582557518e+00 -3.310216565489786230e-04 0.000000000000000000e+00 0.000000000000000000e+00
2.101144837515198649e+00 -9.093666232733433035e-04 0.000000000000000000e+00 0.000000000000000000e+00
2.088732689036261192e+00 -3.155518192914062280e-03 0.000000000000000000e+00 0.000000000000000000e+00
1.984132883829891281e+00 2.650842113632614861e-04 0.000000000000000000e+00 0.000000000000000000e+00
1.978792639770121431e+00 5.049376961973208074e-03 0.000000000000000000e+00 0.000000000000000000e+00
1.953256441583910652e+00 6.469190257055779103e-03 0.000000000000000000e+00 0.000000000000000000e+00
1.944613842850057006e+00 -6.144826866526051368e-03 0.000000000000000000e+00 0.000000000000000000e+00
-1.290926037928750381e+00 -7.770455223531651419e-03 1.757817364340617215e-60 1.637146618305699833e-46
-1.126678954921930043e+00 -9.217443376366686592e-03 2.431700853327693953e-75 1.354940736692507152e-59
-1.193300585319656992e+00 -4.582129342694651192e-03 1.173941968991525742e-69 1.244271145033068460e-54
-1.192345310861798513e+00 2.078895893955448170e-03 1.972140010682484353e-70 2.140625620663318261e-55
-1.151274506698292566e+00 6.649005183346099086e-03 2.864275285479558683e-73 8.648475112442744223e-58
-1.095833285028886328e+00 6.894304754534305232e-03 1.339499838092947199e-78 1.609365478304659549e-62
-1.034609938311299659e+00 1.035753297664330011e-02 2.168843508018949304e-84 1.197515120782127778e-67
-9.742013282556202247e-01 1.345133953924337357e-02 1.865577728356831224e-90 4.638662074589297758e-73
-1.014229576241999498e+00 1.720242807066142340e-02 4.780967081341212195e-86 4.385833666182807153e-69
-9.362797481536063726e-01 -2.616741980692678660e-03 6.053728044954668272e-96 3.871278617242793042e-78
-1.082089749589392191e+00 -3.016821227079783622e-03 1.122562721824715135e-80 1.899355117922694704e-64
-8.916527288474905832e-01 -5.886218265199452161e-03 3.845889985055197933e-100 7.475200896025879730e-82
-8.570345313843830137e-01 1.441956946925856270e-02 2.988258884557732455e-103 1.375811506049481909e-84
-8.320861539258612716e-01 -4.112394248014588152e-03 3.446328627321680017e-107 2.953927252567284650e-88
-7.827856073086251198e-01 1.429381922429866572e-02 7.521071144859556360e-112 2.201291440281656149e-92
1.932785344962746343e+00 1.837349285381882679e-03 0.000000000000000000e+00 0.000000000000000000e+00
1.885117263913576258e+00 9.258023277833345296e-04 0.000000000000000000e+00 0.000000000000000000e+00
-7.428379883245807003e-01 -5.383003347934739967e-03 1.831568264303233454e-117 1.450078995385098475e-97
-7.068216474827778706e-01 -1.411379208107931688e-02 5.226073299163692601e-121 1.014809389800574960e-100
-6.557486758006347838e-01 6.474487048092534419e-03 4.879363314999824921e-128 3.381440434884535274e-107
1.847742932292957940e+00 -6.406706828103641074e-03 0.000000000000000000e+00 0.000000000000000000e+00
1.831340820798381230e+00 7.716827190359521436e-03 0.000000000000000000e+00 0.000000000000000000e+00
-5.450874055844442401e-01 2.627313124977840187e-03 3.799778280768210879e-143 4.146470280682936362e-121
-5.886294798160404129e-01 5.115333722944170360e-03 7.700398981441536777e-137 2.840379999160331786e-115
-5.034914652799977741e-01 7.162205983429906567e-04 7.378743353883498238e-150 2.269371865267900209e-127
-6.898890832327942979e-01 -9.925587127404751284e-03 2.109895929481148897e-123 6.246746091319379382e-103
1.789483775184048442e+00 8.602771473438797223e-03 0.000000000000000000e+00 0.000000000000000000e+00
1.783857138557241928e+00 3.291102537882712072e-03 0.000000000000000000e+00 0.000000000000000000e+00
1.764780233187749126e+00 1.604540352756411541e-03 0.000000000000000000e+00 0.000000000000000000e+00
1.718908566442512331e+00 4.973639354087870321e-03 0.000000000000000000e+00 0.000000000000000000e+00
1.638550055535891392e+00 -4.144139685157491315e-03 0.000000000000000000e+00 0.000000000000000000e+00
1.673342537832941179e+00 -2.647989864914139513e-02 0.000000000000000000e+00 0.000000000000000000e+00
1.744043568442189107e+00 -3.385569770188089685e-03 0.000000000000000000e+00 0.000000000000000000e+00
-6.323545713372549226e-01 2.847629126631065401e-03 1.024283488756714016e-131 1.271295021992854360e-110
1.595964837101520040e+00 2.213273686442895558e-03 0.000000000000000000e+00 0.000000000000000000e+00
1.580787371488309834e+00 -5.441826328336688869e-03 0.000000000000000000e+00 0.000000000000000000e+00
1.554028955232286124e+00 1.058617769418972350e-02 0.000000000000000000e+00 0.000000000000000000e+00
1.512603194590646405e+00 5.152468971863767740e-03 0.000000000000000000e+00 0.000000000000000000e+00
1.530503279794879212e+00 6.267502230934795041e-03 0.000000000000000000e+00 0.000000000000000000e+00
1.462820353771805637e+00 8.774938702818030258e-04 0.000000000000000000e+00 0.000000000000000000e+00
1.427693982114655702e+00 -3.515375567089599942e-03 0.000000000000000000e+00 0.000000000000000000e+00
1.491267814637961431e+00 4.821945036397482474e-03 0.000000000000000000e+00 0.000000000000000000e+00
1.371938868060854633e+00 1.038747787861804247e-03 0.000000000000000000e+00 0.000000000000000000e+00
1.387351563259886067e+00 5.489672416850637469e-03 0.000000000000000000e+00 0.000000000000000000e+00
1.206202421248048884e+00 1.009810649637457765e-02 0.000000000000000000e+00 0.000000000000000000e+00
1.228131291095168276e+00 -1.892753594162596351e-03 0.000000000000000000e+00 0.000000000000000000e+00
1.250532621935458000e+00 7.138905837937143360e-03 0.000000000000000000e+00 0.000000000000000000e+00
1.265974570909875974e+00 1.521212086854645089e-02 0.000000000000000000e+00 0.000000000000000000e+00
1.316838302546577300e+00 -5.850296797035929065e-03 0.000000000000000000e+00 0.000000000000000000e+00
1.322645620709659076e+00 -1.087129743884809006e-02 0.000000000000000000e+00 0.000000000000000000e+00
1.349586360253544504e+00 -6.104403202564675536e-03 0.000000000000000000e+00 0.000000000000000000e+00
-6.222909352129766258e-01 -2.100458819369381298e-03 2.885897102607017401e-133 4.602351728056674147e-112
-5.175329216422184242e-01 7.182023934103357000e-04 5.848991082333102980e-148 1.267936905714358526e-125
-4.527833969224702160e-01 -5.830954155436816368e-03 5.458133432055376747e-155 5.936757801245940366e-132
-4.549022605245577888e-01 -7.340566429036157270e-04 1.701189354982784388e-156 1.755234119107010224e-133
1.285245849294031517e+00 -6.602470879034779902e-04 0.000000000000000000e+00 0.000000000000000000e+00
-3.482282240666650375e-01 3.637720419528606402e-03 3.048944837030640402e-170 4.485161144416440154e-146
-3.373391960823922675e-01 5.356364232920067525e-03 1.718063271532161197e-171 3.314895751720014646e-147
-4.112002443191409284e-01 -1.806514435415833601e-04 7.904732011660108359e-164 2.422461879311142369e-140
-3.088953758079790446e-01 -2.456596871111783095e-03 2.410945543422526744e-176 9.447909665115534049e-152
-2.833264394768211791e-01 -3.125135117699570815e-03 6.227477571240999141e-180 4.613987026909998882e-155
-2.454405338897865940e-01 1.293309385344864823e-03 2.122009295280802522e-186 4.039965638943185044e-161
-2.005905848697238092e-01 -3.397170200042836166e-03 1.996343634644185379e-192 1.161640993583781775e-166
1.108887374199255760e+00 -3.804311953856239544e-03 0.000000000000000000e+00 0.000000000000000000e+00
1.141549399246339913e+00 6.820849508353796914e-03 0.000000000000000000e+00 0.000000000000000000e+00
1.141549399246339913e+00 6.820849508353796914e-03 0.000000000000000000e+00 0.000000000000000000e+00
1.009738362144906532e+00 2.839935714902014352e-03 0.000000000000000000e+00 0.000000000000000000e+00
1.055297312714772229e+00 -6.955381386504196767e-03 0.000000000000000000e+00 0.000000000000000000e+00
-1.668210404083478871e-01 1.552169114804382742e-03 2.331119061004388684e-198 3.145825977493233981e-172
-1.265788071179772267e-01 -5.356724758405718642e-03 1.233771225709367415e-203 4.536938013992915244e-177
-9.307146354110572284e-02 -3.728903922111881635e-03 2.571076349893489974e-209 2.178412836643114861e-182
1.059659490639828894e+00 1.336602013702414956e-03 0.000000000000000000e+00 0.000000000000000000e+00
9.608471180781320564e-01 -5.059955120326538325e-03 0.000000000000000000e+00 0.000000000000000000e+00
-4.337515554966864945e-02 -4.147602882839223834e-03 2.593327935283491446e-217 7.577377268226436248e-190
-1.798793070063921251e-01 7.068040754654007947e-03 5.293633039747683105e-195 5.160051876352816449e-169
9.420338466363237240e-01 9.301768782499553190e-03 0.000000000000000000e+00 0.000000000000000000e+00
9.034447636980484919e-01 -8.226497638700936907e-03 0.000000000000000000e+00 0.000000000000000000e+00
1.756276433253609395e-03 1.975816187629393390e-03 1.950375081998722967e-225 1.754005933397986791e-197
-2.646723217290240099e-02 1.472735058577676970e-03 5.336968027746503510e-221 2.376147177017745451e-193
4.343078902557188231e-02 3.068744404811084053e-04 4.493732457316061569e-234 1.141229843922376802e-205
8.574407794243094072e-01 -3.801387291815146088e-03 0.000000000000000000e+00 0.000000000000000000e+00
8.745938259420388272e-01 1.007013437483090038e-02 0.000000000000000000e+00 0.000000000000000000e+00
8.092554310953752328e-01 3.142409561455099948e-02 0.000000000000000000e+00 0.000000000000000000e+00
7.938027025151204175e-01 1.108678439559825611e-02 0.000000000000000000e+00 0.000000000000000000e+00
7.720469163311028948e-01 -1.215872867671679430e-02 0.000000000000000000e+00 0.000000000000000000e+00
1.069467514726088475e-01 -1.685169355544774428e-03 1.674219284952312174e-243 2.068814420085022841e-214
8.603158050522115297e-02 3.167562843150346051e-03 2.464954100692210992e-239 1.809041883009053885e-210
5.465964265720231197e-01 1.182760302547625902e-02 0.000000000000000000e+00 2.169542987194999118e-290
7.142876995149037844e-01 -9.358387073432197084e-03 0.000000000000000000e+00 1.976262583364986177e-323
1.461812069812008230e-01 4.757426551717825434e-03 1.823986855209682631e-249 5.989440986683596216e-220
4.960691061657141465e-01 -1.582219421924457858e-02 6.751021130804010970e-314 1.351989792080398696e-280
5.902178382625494768e-01 1.942390991048765017e-02 0.000000000000000000e+00 2.517696932779358431e-298
5.832072149804863326e-01 -1.952317675051182602e-02 0.000000000000000000e+00 5.728570896079631538e-297
4.611924846857816673e-01 1.480195969491517570e-03 4.383941082687164332e-309 3.682631003458312978e-276
4.026594169591127259e-01 -7.677521128422533543e-03 2.698102718058445113e-296 5.273704722490665443e-264
4.785744067548827752e-01 6.448848677200667151e-03 3.203468903978751611e-311 4.149150578032362751e-278
6.292612652823741382e-01 -9.332979765653663662e-03 0.000000000000000000e+00 1.496713522204322469e-306
3.409965054186779310e-01 -9.399174948157259027e-03 2.196000545895440578e-284 9.238332680153675490e-253
3.798314370328418343e-01 5.792078248045068843e-03 3.616904011257155380e-292 4.003421390832902252e-260
3.681169204942321138e-01 2.170457579318482277e-03 8.643506763143263927e-291 7.145811686921844189e-259
6.756580322036841446e-01 -8.756705385780978604e-04 0.000000000000000000e+00 9.487414140021538664e-318
6.889133621416869691e-01 -1.119233154712617577e-02 0.000000000000000000e+00 3.577307011995837665e-318
2.176418365631176965e-01 -7.162322380236020233e-03 7.352876580324408765e-262 1.431904357946944216e-231
1.923831533116253378e-01 2.957669747727671022e-03 4.379236666935573603e-258 4.545647323927612141e-228
2.934179820124367399e-01 9.509955309076299768e-03 1.752411997256416504e-275 2.253576094388586759e-244
6.720990867566098981e-01 4.125884899868454726e-03 0.000000000000000000e+00 1.070467884915460167e-315
6.417460083388460967e-01 5.546707983794705102e-03 0.000000000000000000e+00 1.889123263860458913e-309
1.719690594446476872e-01 -9.553899194001259747e-04 2.006591262484236851e-255 1.252586418717162501e-225
1.842604825953193526e-01 2.242543649347741158e-04 7.136381629854024134e-259 6.050632920248837177e-229
2.698677529642412032e-01 3.911619915845077587e-03 6.619258257476616757e-272 4.734441145191452926e-241
3.128282808764215606e-01 -3.890372976464230668e-03 7.191721520628391433e-280 1.499884857465921807e-248
2.607784759150286735e-01 -4.652651676565711276e-03 4.371701786006157289e-270 2.493320890681484771e-239
2.567057164712908124e-01 -9.808474028889780510e-03 1.083167433223742165e-268 5.581646897833206303e-238
