-2.402933185380276882e+03
-2.087696241656077746e+03
-5.178084510918573642e+02
-5.183934474157667864e+02
-5.197205775122166642e+02
-2.773218613018853489e+02
-2.765567985238646997e+02
-2.768101028098375309e+02
-2.769809705522569629e+02
-2.160763647166823489e+02
-1.809931141032284074e+02
-1.608565504742055339e+02
-1.606189221415352222e+02
-1.607395890868422725e+02
-1.314075185898088876e+02
-1.313719271989204742e+02
-1.313571247399266042e+02
9.060064006496828881e+01
8.586065842380756408e+01
8.436358504831406435e+01
5.679486761926418126e+01
5.468609117185877011e+01
5.338354790851412446e+01
-2.546568028454125709e+01
5.136928717522547316e+01
-2.433266005271924826e+01
-2.324177518174064261e+01
-2.251869305164860080e+01
5.049850733398161395e+01
4.962420522003549905e+01
-2.085471813611599146e+01
-2.007510117878586797e+01
4.730210701335965950e+01
4.625509247099566323e+01
4.549828051683315522e+01
4.477491482219848251e+01
4.399966243356475104e+01
-1.683927546712324741e+01
4.330720134769941865e+01
4.195567003889170365e+01
-1.552330128293533207e+01
-1.519260875329456084e+01
-1.414095398485737043e+01
3.943805166449042332e+01
-1.261710097209635784e+01
3.721960608771043866e+01
-1.141988136880685545e+01
3.606030256075828078e+01
3.410591423316103032e+01
-1.156939824691645313e+01
-1.080315562197656831e+01
-1.048031912019940748e+01
-1.004004844298601995e+01
-1.029877049868794359e+01
-9.109369660264965418e+00
-8.345757537564017170e+00
3.253357511346728614e+01
-3.537686578937252690e+00
-8.224917443329228917e+00
-7.062431865594389180e+00
-1.566258698751231915e+00
-7.896126902878290998e+00
-7.428810961421891790e+00
-7.660048482420930505e+00
3.066447401535691841e-01
3.099737621943704724e+01
3.013424470211317896e+01
9.036632298551611209e-01
1.642691308635127578e+00
2.430290506457615241e+00
3.724462018446855094e+00
3.889002726229994877e+00
2.888921448425177729e+01
4.321184626130029294e+00
5.499557026937399229e+00
6.471988084134681074e+00
2.846713815808146109e+01
2.808309744671525010e+01
2.789576354582940709e+01
7.065169483256893201e+00
8.527132263953768998e+00
2.590640491202713491e+01
2.613562595378858333e+01
2.433134889528149358e+01
2.669165171620391064e+01
9.562756145083731951e+00
2.295173099265129579e+01
2.696175947386132421e+01
2.706745321147051797e+01
1.202380355827938985e+01
1.246440182100436367e+01
2.140521474655757217e+01
1.955857600756655401e+01
2.101878778545641424e+01
2.078363166291282127e+01
1.351243288481322757e+01
1.373065477160931991e+01
1.785685907108572579e+01
1.726316589991352402e+01
1.493844286606978500e+01
1.568099456048116203e+01
1.614723909741926278e+01
1.852948728034453652e+01
1.468132085151669486e+01
1.846210015159125817e+01
